version: 1
creator: callgrind-3.6.0.SVN-Debian
pid: 7546
cmd:  ./test_fir
part: 1


desc: I1 cache: 
desc: D1 cache: 
desc: L2 cache: 

desc: Timerange: Basic block 0 - 31682
desc: Trigger: Program termination

positions: line
events: Ir
summary: 161006


ob=(2) ???
fl=(16) ???
fn=(194) 0x040202d8
0 10
cob=(3) /usr/lib/valgrind/vgpreload_core-x86-linux.so
cfi=(42) ???
cfn=(198) 0x000003d0
calls=1 0 
0 15
0 1
cob=(3)
cfi=(42)
cfn=(208) 0x00000510
calls=1 0 
0 15
0 4

fn=(398) 0x04020548
0 7
cob=(3)
cfi=(42)
cfn=(400) 0x00000350
calls=1 0 
0 883
0 4

fn=(270) 0x080482f0
0 10
cob=(5) /home/haldo/Documentos/Investigacion/IPOL/ipol.git/examples/kcachegrind/test_fir
cfi=(53) ???
cfn=(274) 0x08048410
calls=1 0 
0 8
0 1
cob=(5)
cfi=(53)
cfn=(280) 0x08048750
calls=1 0 
0 11
0 4

fn=(388) 0x0804877c
0 7
cob=(5)
cfi=(53)
cfn=(390) 0x080483b0
calls=1 0 
0 18
0 4

ob=(3)
fl=(42)
fn=(200) 0x00000407
0 6

fn=(198)
0 4
cfn=(200)
calls=1 0 
0 2
0 9

fn=(400)
0 5
cfn=(200)
calls=1 0 
0 2
0 10
cob=(4) /lib/libc-2.12.1.so
cfi=(83) /build/buildd/eglibc-2.12.1/stdlib/cxa_finalize.c
cfn=(414) __cxa_finalize
calls=1 31 
0 71
cob=(1) /lib/ld-2.12.1.so
cfi=(54) /build/buildd/eglibc-2.12.1/elf/../sysdeps/i386/dl-trampoline.S
cfn=(252) _dl_runtime_resolve
calls=1 29 
0 781
0 14

fn=(208)
0 5
cfn=(200)
calls=1 0 
0 2
0 8

ob=(5)
fl=(53)
fn=(290) step
0 127

fn=(378) update_p
0 774

fn=(334) print_signal
0 134
cob=(4)
cfi=(68) /build/buildd/eglibc-2.12.1/stdio-common/printf.c
cfn=(340) printf
calls=20 30 
0 37596
cob=(1)
cfi=(54)
cfn=(252)
calls=1 29 
0 889
0 88
cob=(4)
cfi=(80) /build/buildd/eglibc-2.12.1/libio/putchar.c
cfn=(370) putchar
calls=2 29 
0 520
cob=(1)
cfi=(54)
cfn=(252)
calls=1 29 
0 850
0 4

fn=(268) 0x0804874a
0 2

fn=(288) main
0 20
cfn=(290)
calls=1 0 
0 127
0 2
cob=(4)
cfi=(59) /build/buildd/eglibc-2.12.1/libio/ioputs.c
cfn=(296) puts
calls=1 35 
0 1233
cob=(1)
cfi=(54)
cfn=(252)
calls=1 29 
0 809
0 3
cfn=(334)
calls=1 0 
0 20714
0 3
cfn=(374) ini_fir
calls=1 0 
0 58
0 52
cfn=(376) fir
calls=10 0 
0 1524
0 44
cob=(4)
cfi=(59)
cfn=(296)
calls=1 35 
0 486
0 3
cfn=(334)
calls=1 0 
0 19367
0 5

fn=(376)
0 540
cfn=(378)
calls=40 0 
0 620
0 160
cfn=(378)
calls=10 0 
0 154
0 50

fn=(280)
0 11

fn=(266) __libc_csu_init
0 6
cfn=(268)
calls=1 0 
0 2
0 3
cob=(2)
cfi=(16)
cfn=(270)
calls=1 0 
0 34
0 12

fn=(274)
0 8

fn=(374)
0 58

fn=(244) 0x08048380
0 13
cob=(4)
cfi=(56) /build/buildd/eglibc-2.12.1/csu/libc-start.c
cfn=(258) (below main)
calls=1 96 
0 46571
cob=(1)
cfi=(54)
cfn=(252)
calls=1 29 
0 1049

fn=(390)
0 18

ob=(1)
fl=(8) /build/buildd/eglibc-2.12.1/elf/../elf/dl-sysdep.c
fn=(178) _dl_sysdep_start_cleanup
251 2
+1 2

fn=(14) _dl_sysdep_start
89 8
cfi=(3) /build/buildd/eglibc-2.12.1/elf/../sysdeps/i386/dl-tlsdesc.S
cfn=(4) 0x0001766b
calls=1 +42 
* 2
* 1
+25 1
-1 1
+1 194
+6 2
-3 1
+3 1
-6 1
+3 1
+3 1
-2 1
+2 24
+1 108
+3 3
-4 64
+93 3
fi=(9) /build/buildd/eglibc-2.12.1/elf/../sysdeps/unix/sysv/linux/dl-sysdep.c
36 2
cfi=(10) /build/buildd/eglibc-2.12.1/elf/../sysdeps/unix/sysv/linux/i386/brk.c
cfn=(18) brk
calls=1 * 
* 21
fi=(6) /build/buildd/eglibc-2.12.1/elf/../sysdeps/i386/dl-machine.h
273 5
fe=(8)
-44 2
cfi=(12) /build/buildd/eglibc-2.12.1/elf/../misc/sbrk.c
cfn=(24) sbrk
calls=1 35 
* 26
* 3
+12 3
+3 7
cfi=(2) /build/buildd/eglibc-2.12.1/elf/rtld.c
cfn=(26) dl_main
calls=1 887 
* 103924
+2 7
-67 1
-59 2
+59 1
-59 2
+34 1
-34 1
+34 1
-34 3
+43 1
-43 2
+43 1
-43 2
+40 1
-40 1
+40 3
-40 3
+37 1
-37 2
+37 1
-37 3
+13 1
-13 2
+13 1
-13 2
+10 1
-10 1
+10 1
-10 3
+7 1
-7 4
227 2
cfi=(11) /build/buildd/eglibc-2.12.1/string/../sysdeps/i386/i686/multiarch/../../i586/strlen.S
cfn=(22) strlen
calls=1 47 
* 25
* 2

fn=(64) _dl_important_hwcaps
354 6
cfi=(3)
cfn=(4)
calls=1 131 
* 2
* 5
+2 6
+1 5
+9 6
+1 11
-1 1
+1 1
-1 1
+1 1
+1 2
-2 6
+1 286
-1 26
+1 26
-1 26
+1 26
+1 52
-2 345
+10 4
+4 2
+40 4
cfi=(22) /build/buildd/eglibc-2.12.1/io/../sysdeps/unix/syscall-template.S
cfn=(66) access
calls=1 82 
* 18
* 2
-2 2
+17 4
+3 1
-20 1
+17 1
+3 1
+22 4
+3 7
-3 26
+1 243
+2 16
+1 6
cfi=(11)
cfn=(22)
calls=2 47 
* 50
+1 2
-1 4
+1 18
+1 2
-1 10
-5 85
+8 3
+2 1
+1 1
-1 2
+1 4
+8 1
-4 2
+4 1
-4 1
+1 1
+3 1
+3 2
+4 5
+1 2
+18 5
+1 1
-1 2
+1 2
cfi=(17) /build/buildd/eglibc-2.12.1/elf/dl-minimal.c
cfn=(42) malloc
calls=1 96 
* 51
+1 1
-1 2
+1 1
+7 2
+22 2
+3 1
-3 4
+3 1
+7 7
+9 1
-9 2
+9 1
-9 1
+9 1
-9 1
+9 2
-3 1
-3 1
+3 6
cfi=(23) /build/buildd/eglibc-2.12.1/string/../sysdeps/i386/i686/multiarch/../mempcpy.S
cfn=(70) mempcpy
calls=1 44 
* 16
* 3
-3 3
+3 18
cfi=(23)
cfn=(70)
calls=3 44 
* 48
* 4
+3 4
-3 8
+3 12
+1 8
-1 4
+1 8
-1 12
+1 40
+1 12
-2 4
+2 20
cfi=(23)
cfn=(70)
calls=4 44 
* 60
* 8
-2 4
+2 8
-2 8
+5 32
cfi=(23)
cfn=(70)
calls=4 44 
* 60
* 8
+2 8
+5 2
-7 1
+7 5
+1 1
-1 3
+1 15
-1 49
+5 4
+3 3
-3 12
+3 21
+2 128
-2 32
+1 96
-1 28
+1 96
-1 64
+4 4
-4 4
+4 8
+3 1
+2 2
-1 1
-1 1
+2 1
-2 1
+1 1
+1 1
-1 1
+1 3
+3 9
+3 3
-6 6
+2 18
+3 6
+1 3
-6 10
+13 16
+3 3
-3 35
+3 21
+3 4
+3 7
489 5
+2 2
-1 4
+1 2
-1 4
+2 10
+7 4
-56 4

fl=(14) /build/buildd/eglibc-2.12.1/string/../sysdeps/i386/i686/multiarch/../memcmp.S
fn=(32) bcmp
58 1
+2 1
+1 1
+1 1
+2 1
+1 1
+18 1
+2 1
+2 1
+2 1
+1 1
+2 1
cfi=(3)
cfn=(4)
calls=1 +39 
* 2
* 2
+1 1
+1 1
+1 1
273 1
+1 1
+1 1
+1 1
+2 1
+1 1
+1 1
+1 1
+1 1
+1 1
+1 1
+1 1
+1 1
+1 1
+3 1
+1 2

fl=(82) /build/buildd/eglibc-2.12.1/elf/dl-fini.c
fn=(386) _dl_sort_fini
34 9
cfi=(3)
cfn=(4)
calls=1 +97 
* 2
* 3
+1 2
+2 1
+2 2
+7 2
+1 1
-1 4
+1 2
-1 1
+1 3
-8 3
+3 15
+4 15
+1 19
-1 14
+5 28
+2 6
+1 4
-1 3
+1 4
+3 4
+23 2
-24 12
+27 9
-32 20
+26 2
-38 6
+76 6

fn=(384) _dl_fini
121 7
cfi=(3)
cfn=(4)
calls=1 +10 
* 2
* 4
+22 3
+87 3
-87 10
+3 3
cfi=(2)
cfn=(50) rtld_lock_default_lock_recursive
calls=1 834 
* 6
+3 2
+3 2
+2 2
-2 7
+13 5
+16 7
+2 8
+2 12
+2 4
+1 4
+1 4
+4 4
-12 13
+14 2
+4 3
+2 1
+9 1
-9 7
cfn=(386)
calls=1 34 
* 204
+9 1
-9 1
+9 2
cfi=(2)
cfn=(52) rtld_lock_default_unlock_recursive
calls=1 840 
* 6
* 1
+6 2
+2 3
-2 6
+2 9
+3 8
+3 12
+4 2
+7 6
+6 1
-3 2
+3 2
+1 7
+1 1
cob=(4)
cfi=(47) /build/buildd/eglibc-2.12.1/elf/soinit.c
cfn=(424) __libc_fini
calls=1 36 
* 15
* 1
-1 4
+5 9
+1 6
cob=(2)
cfi=(16)
cfn=(398)
calls=1 0 
* 894
cob=(2)
cfi=(16)
cfn=(388)
calls=1 0 
* 29
+5 24
+16 4
-55 13
-71 2
+71 1
-71 2
274 5
+6 2
+7 6
-62 9
+3 4
-61 3
+3 8

fl=(31) /build/buildd/eglibc-2.12.1/string/../sysdeps/i386/i686/multiarch/../memset.S
fn=(112) memset
52 3
+1 3
+2 3
+1 3
+5 3
+2 3
+1 3
+2 3
+1 3
+12 3
+1 3
+1 3
+2 3
+2 428
+2 3
+1 3
+5 3
+3 3
+8 3

fl=(28) /build/buildd/eglibc-2.12.1/setjmp/../sysdeps/i386/setjmp.S
fn=(90) __sigsetjmp
34 3
+4 3
+1 3
+1 3
+1 3
+4 3
+1 3
+4 3
+2 3
+4 3
+1 3

fl=(3)
fn=(4)
131 483
fi=(14)
-78 483
fe=(3)

fl=(22)
fn=(104) open
82 171
+1 35
cfn=(68) 0x00017667
calls=16 +1 
* 32
* 96

fn=(66)
82 24
+1 6
cfn=(68)
calls=3 +1 
* 6
* 18

fn=(68)
84 46

fn=(106) read
82 18
+1 2

fn=(116) close
82 21
+1 3

fl=(10)
fn=(18)
36 5
cfi=(3)
cfn=(4)
calls=1 +95 
* 2
* 1
+5 5
+4 2
-2 1
+2 1
+7 4

fl=(17)
fn=(42)
96 80
cfi=(3)
cfn=(4)
calls=20 +35 
* 40
* 120
cfn=(46) __libc_memalign
calls=20 -43 
* 750
+1 80

fn=(46)
53 126
cfi=(3)
cfn=(4)
calls=21 +78 
* 42
* 84
+1 83
+11 60
+3 40
-3 20
+3 20
-3 3
+3 2
-3 1
+3 77
+4 8
+1 6
+6 14
cfi=(24) /build/buildd/eglibc-2.12.1/misc/../sysdeps/unix/sysv/linux/i386/mmap.S
cfn=(72) mmap
calls=2 -44 
* 46
+2 4
+3 2
+1 2
-1 2
+1 2
-1 4
+1 4
+3 2
+1 2
+2 12
-3 19
+1 19
+2 114
-31 1
-2 2
+1 5

fn=(38) calloc
108 72
cfi=(3)
cfn=(4)
calls=8 +23 
* 16
* 8
+3 8
-3 8
+3 8
-3 8
+3 16
+4 16
cfn=(42)
calls=8 -19 
* 415
+1 48

fn=(78) strsep
320 24
+3 4
-3 4
cfi=(3)
cfn=(4)
calls=4 131 
* 8
* 4
+3 16
+2 8
+1 4
-1 4
+1 4
+4 16
+5 4
-5 171
+5 232
+2 472
+8 59
-15 177
+18 2
-18 2
+18 2
+4 28

fl=(20) /build/buildd/eglibc-2.12.1/posix/../sysdeps/unix/syscall-template.S
fn=(60) uname
82 7
+1 1

fl=(40) /build/buildd/eglibc-2.12.1/misc/../sysdeps/unix/syscall-template.S
fn=(172) mprotect
82 36
+1 4

fn=(182) munmap
82 8
+1 1

fl=(15) /build/buildd/eglibc-2.12.1/elf/dl-object.c
fn=(34) _dl_new_object
36 18
cfi=(3)
cfn=(4)
calls=3 +95 
* 6
* 18
+3 6
cfi=(11)
cfn=(22)
calls=3 +8 
* 167
+6 3
-6 3
+7 3
-7 3
+7 3
+6 21
cfi=(17)
cfn=(38)
calls=3 +56 
* 238
+3 6
-3 3
+3 3
+4 6
-1 3
+4 9
+2 24
cfi=(18) /build/buildd/eglibc-2.12.1/string/../sysdeps/i386/i686/multiarch/../memcpy.S
cfn=(48) memcpy
calls=3 -20 
* 90
* 6
+2 3
+2 3
-2 3
+3 3
-1 3
+1 15
+3 9
+6 3
+3 3
-7 3
+4 3
+3 5
+2 1
-2 3
+2 15
-2 45
+16 3
-4 6
+1 3
+3 9
cfi=(2)
cfn=(50)
calls=3 834 
* 18
+5 29
+3 20
+2 2
+2 2
+3 14
+4 2
+1 2
-1 2
+1 6
+1 8
+2 4
cfi=(2)
cfn=(52)
calls=2 840 
* 12
-4 1
+1 1
-1 1
+1 3
+1 4
+2 2
cfi=(2)
cfn=(52)
calls=1 840 
* 6
+3 7
+4 6
+4 16
+8 1
+6 1
-3 2
+3 5
-3 4
+3 6
+2 6
cfi=(11)
cfn=(22)
calls=2 47 
* 168
+4 2
-4 2
+4 2
-4 2
+4 2
+64 2
+7 21
46 30
+85 4
-58 6
217 6
-86 1
-4 1
+4 3
-16 5
+40 4
cfi=(17)
cfn=(42)
calls=2 -59 
* 102
* 2
+1 6
+45 14
cfi=(23)
cfn=(70)
calls=2 44 
* 45
* 4
+6 76
-1 38
+1 40
-1 2
+1 2
+2 4
+3 4

fl=(29) /build/buildd/eglibc-2.12.1/elf/dl-misc.c
fn=(130) _dl_sysdep_read_whole_file
44 5
cfi=(3)
cfn=(4)
calls=1 +87 
* 2
* 5
+3 3
cfi=(22)
cfn=(104)
calls=1 +35 
* 10
+1 2
-1 1
+1 1
+2 5
cfi=(30) /build/buildd/eglibc-2.12.1/io/../sysdeps/unix/sysv/linux/fxstat64.c
cfn=(110) __fxstat64
calls=1 -4 
* 18
* 2
+2 1
+3 1
-3 1
+3 1
+13 3
cfi=(22)
cfn=(116)
calls=1 +14 
* 8
* 1
+3 7
-14 8
cfi=(24)
cfn=(72)
calls=1 -22 
* 23
* 2

fn=(96) _dl_name_match_p
301 296
cfi=(3)
cfn=(4)
calls=37 131 
* 74
* 74
+1 148
cfi=(19) /build/buildd/eglibc-2.12.1/string/../sysdeps/i386/i686/multiarch/../strcmp.S
cfn=(54) strcmp
calls=37 34 
* 340
* 74
+3 37
+2 74
+4 38
-4 114
+1 164
cfi=(19)
cfn=(54)
calls=41 34 
* 676
* 82
+6 3
-7 3
+7 49
-7 34
+7 170

fl=(54)
fn=(252)
29 5
+2 5
+2 5
+2 5
+1 5
+1 5
cfi=(55) /build/buildd/eglibc-2.12.1/elf/dl-runtime.c
cfn=(254) _dl_fixup
calls=5 +36 
* 4323
+1 5
+2 5
+1 5
+1 5
+1 5

fl=(34) /build/buildd/eglibc-2.12.1/elf/dl-cache.c
fn=(180) _dl_unload_cache
309 4
cfi=(3)
cfn=(4)
calls=1 131 
* 2
* 2
+1 4
+2 4
cfi=(40)
cfn=(182)
calls=1 82 
* 9
+1 1
+2 4

fn=(134) _dl_cache_libcmp
140 72
+1 20
+2 135
+2 5
+6 1
+1 1
-1 1
+1 2
-1 1
+1 2
+1 6
+2 4
+2 2
+17 40
-11 220
+2 132
+4 36
+1 108
-29 72
+32 1
+1 4
-1 1
+1 1
-8 32

fn=(128) _dl_load_cache_lookup
183 6
cfi=(3)
cfn=(4)
calls=1 -52 
* 2
* 3
+8 2
+3 4
+45 2
+6 4
+11 1
-2 1
fi=(35) /build/buildd/eglibc-2.12.1/elf/../sysdeps/i386/dl-procinfo.h
101 1
fe=(34)
254 1
+2 1
fi=(35)
101 3
+3 4
cfi=(19)
cfn=(54)
calls=1 -70 
* 16
* 12
cfi=(19)
cfn=(54)
calls=3 -70 
* 71
* 8
-2 12
fe=(34)
262 10
+2 1
-2 1
+2 3
cfi=(22)
cfn=(66)
calls=1 82 
* 18
+15 2
-15 1
+15 2
-25 1
+25 1
-25 1
+25 1
-25 1
+25 1
-25 1
+25 2
-25 1
+25 113
cfn=(134)
calls=8 140 
* 801
* 47
+21 7
197 4
cfi=(29)
cfn=(130)
calls=1 44 
* 110
+8 2
+1 1
-1 1
+1 1
-1 1
+1 3
-1 13
+8 1
-3 2
+3 2
+3 1
+1 2
-1 1
+1 1
+19 2
fi=(35)
105 1
fe=(34)
256 3
+1 1
-1 1
+1 3
+1 10
-39 2
-2 22
+62 19
cfn=(134)
calls=1 140 
* 98
* 24
+16 4
-16 29

fl=(33) /build/buildd/eglibc-2.12.1/io/../sysdeps/unix/sysv/linux/xstat64.c
fn=(126) __xstat64
47 32
+3 16
-3 16
+3 16
-3 16
cfi=(3)
cfn=(4)
calls=16 +84 
* 32
* 16
+3 96
+34 48
-34 60

fl=(55)
fn=(254)
73 30
+3 5
-3 5
cfi=(3)
cfn=(4)
calls=5 +58 
* 10
* 5
+3 10
+3 10
+1 5
+1 5
-1 35
+6 5
-5 10
-1 5
+1 5
+5 5
+4 10
+4 15
+5 24
+1 12
+8 20
+10 65
cfi=(7) /build/buildd/eglibc-2.12.1/elf/dl-lookup.c
cfn=(164) _dl_lookup_symbol_x
calls=5 713 
* 3880
* 10
+4 15
+10 35
+16 5
-8 5
+8 15
+4 15
fi=(6)
283 15
fe=(55)
156 30
-56 2

fl=(24)
fn=(72)
35 8
+2 8
+2 8
+2 8
+3 8
+2 8
+1 8
+1 8
+2 8
+2 8
+2 8
+1 8
+1 8
+1 8
+2 8
+3 8
+3 8
+3 8
+3 8
+3 8
+24 8
+1 8
+4 8

fl=(41) /build/buildd/eglibc-2.12.1/elf/dl-init.c
fn=(190) _dl_init
93 7
cfi=(3)
cfn=(4)
calls=1 +38 
* 2
* 2
+2 1
-2 1
+1 1
-1 1
+5 3
+7 2
+27 1
+1 1
-1 1
+1 3
+1 9
cfn=(192) call_init
calls=1 -98 
* 34
* 27
cfn=(192)
calls=3 -98 
* 7880
-1 8
+7 6
-40 7
cfn=(192)
calls=1 -64 
* 94
+1 3

fn=(192)
36 35
+1 5
-1 5
cfi=(3)
cfn=(4)
calls=5 +95 
* 10
* 5
+1 10
+9 4
-3 12
+3 16
+5 9
+5 4
+8 4
+6 20
cob=(4)
cfi=(43) /build/buildd/eglibc-2.12.1/csu/../sysdeps/unix/sysv/linux/init-first.c
cfn=(216) _init
calls=1 -18 
* 7780
cob=(2)
cfi=(16)
cfn=(194)
calls=1 -70 
* 45
* 2
+4 2
+1 4
+12 30
-35 3
-5 3

fl=(19)
fn=(54)
34 194
+1 194
+4 194
+1 194
+1 194
-2 1080
+1 1080
+1 1080
+1 1193
+1 1193
+1 1193
+1 1193
+2 113
+6 113
+3 81
+1 81
+1 81
+12 81

fl=(1) ???
fn=(312) _dl_sysinfo_int80
0 12

fn=(0) 0x00000850
0 2
cfi=(2)
cfn=(2) _dl_start
calls=1 364 
0 105253
0 2
cfn=(186) 0x00000840
calls=1 0 
0 2
0 17
cfi=(41)
cfn=(190)
calls=1 93 
0 8094
0 3
cob=(5)
cfi=(53)
cfn=(244)
calls=1 0 
0 47633

fn=(186)
0 2

fl=(2)
fn=(140) version_check_doit
659 1
+3 1
-3 4
cfi=(3)
cfn=(4)
calls=1 131 
* 2
* 3
+3 3
cfi=(37) /build/buildd/eglibc-2.12.1/elf/dl-version.c
cfn=(142) _dl_check_all_versions
calls=1 387 
* 2953
-1 2
+4 5

fn=(154) security_init
848 5
cfi=(3)
cfn=(4)
calls=1 131 
* 2
* 2
fi=(38) /build/buildd/eglibc-2.12.1/elf/../sysdeps/unix/sysv/linux/dl-osinfo.h
72 1
fe=(2)
848 1
fi=(38)
68 1
fe=(2)
850 1
fi=(38)
75 2
+48 5
fe=(2)
852 1
+6 3
+2 1
fi=(38)
132 2
+11 1
fe=(2)
863 1
+2 1
+6 1
+1 6

fn=(26)
887 6
cfi=(3)
cfn=(4)
calls=1 131 
* 2
* 2
+19 2
+3 2
+4 2
+1 2
+5 2
+3 2
cfn=(28) process_envvars
calls=1 2514 
* 601
+7 4
1108 7
cfi=(15)
cfn=(34)
calls=1 36 
* 335
* 1
+2 1
-2 1
+2 1
+1 2
+1 1
+2 1
-1 1
+1 1
-2 1
+2 1
-1 1
+1 1
+29 1
-3 1
-5 1
+8 3
-7 1
+2 1
+5 2
+22 1
-22 1
+43 1
-21 1
+21 2
-42 24
-1 24
+1 44
+95 2
+1 3
-5 2
+1 1
-88 3
+1 1
+49 14
+2 4
+1 2
+3 2
+1 2
-1 2
+1 2
+1 2
+1 6
+1 2
-43 1
-3 2
+3 1
+7 2
-10 1
+10 1
+68 2
-87 3
+1 1
+92 3
+3 2
+2 2
+2 2
+13 3
+1 9
cfi=(19)
cfn=(54)
calls=1 34 
* 9
-1 3
+8 1
+3 1
-5 1
+3 1
+2 1
+1 2
+4 2
+2 2
fi=(4) /build/buildd/eglibc-2.12.1/elf/dynamic-link.h
104 1
+9 2
+6 1
-2 1
+2 2
+3 15
+15 15
-18 45
+18 4
-18 12
+2 38
+5 16
+1 12
+1 4
+16 3
+38 3
+7 3
+5 2
+4 2
+1 3
+12 3
+14 3
+7 2
fe=(2)
1289 2
cfi=(7)
cfn=(12) _dl_setup_hash
calls=1 858 
* 40
+3 2
+20 4
+89 1
cfi=(9)
cfn=(58) _dl_discover_osversion
calls=1 67 
* 104
* 8
+5 2
cfi=(21) /build/buildd/eglibc-2.12.1/elf/dl-load.c
cfn=(62) _dl_init_paths
calls=1 622 
* 4282
+3 3
cfi=(26) /build/buildd/eglibc-2.12.1/elf/dl-debug.c
cfn=(80) _dl_debug_initialize
calls=1 49 
* 35
+7 1
-7 1
+2 1
+5 1
+4 1
+1 1
+2 1
-2 1
-1 2
+4 2
+5 1
-9 1
+2 1
-1 1
+8 1
+5 1
+4 1
-3 1
+3 1
-3 1
+7 1
-5 1
+5 3
+1 2
+1 1
-1 2
+1 3
+2 2
+1 2
+5 2
+5 4
1638 3
+3 2
+4 3
+5 2
+1 1
cfi=(26)
cfn=(82) _dl_debug_state
calls=1 76 
* 4
+4 3
+15 3
+4 4
+31 5
cfi=(22)
cfn=(66)
calls=1 82 
* 18
* 2
+77 1
+11 1
-11 3
+17 2
+1 3
-1 1
+1 6
cfi=(32) /build/buildd/eglibc-2.12.1/elf/dl-deps.c
cfn=(118) _dl_map_object_deps
calls=1 149 
* 9699
* 2
+1 1
+2 6
+3 6
+1 3
-1 2
+1 9
-1 7
+4 3
+1 3
+1 1
+2 2
+1 11
-1 6
fi=(4)
131 4
+3 4
+1 4
fe=(2)
1815 1
+12 1
+1 1
-1 1
+1 1
+2 4
+5 1
-5 1
+4 2
+12 1
+2 3
+1 1
+1 1
-1 1
+1 3
+11 2
+2 2
-2 2
+1 4
+1 2
cfi=(27) /build/buildd/eglibc-2.12.1/elf/dl-error.c
cfn=(138) _dl_receive_error
calls=1 198 
* 3017
+10 1
+1 1
-1 1
+1 1
+3 2
+3 1
cfn=(154)
calls=1 848 
* 37
+2 2
2111 3
2274 4
+1 1
+5 2
cfi=(36) /build/buildd/eglibc-2.12.1/elf/dl-tls.c
cfn=(176) _dl_allocate_tls_init
calls=1 380 
* 146
+4 2
+8 5
+15 1
+2 1
-2 2
+3 7
cfi=(39) /build/buildd/eglibc-2.12.1/elf/dl-reloc.c
cfn=(158) _dl_relocate_object
calls=1 158 
* 6283
+1 1
+2 6
+8 1
cfi=(8)
cfn=(178)
calls=1 251 
* 4
+4 3
+20 3
cfi=(26)
cfn=(80)
calls=1 49 
* 28
+1 1
+1 1
cfi=(26)
cfn=(82)
calls=1 76 
* 4
+4 1
cfi=(34)
cfn=(180)
calls=1 309 
* 30
+5 6
2167 1
+4 1
-4 1
+4 3
+48 1
+7 1
-7 2
+7 1
-7 1
+10 17
+3 4
+22 4
+2 8
-18 8
+2 8
+6 8
+1 33
cfi=(39)
cfn=(158)
calls=3 158 
* 73715
+4 14
+1 2
cfi=(36)
cfn=(174) _dl_add_to_slotinfo
calls=1 820 
* 28
* 1
+5 1
+2 2
+6 1
-6 2
+6 1
1846 2
1430 4
-11 4
1681 59
cfi=(18)
cfn=(48)
calls=1 44 
* 32
* 1
+3 1
+7 1
-7 3
+7 2
-7 4
+3 5
cfi=(17)
cfn=(78)
calls=1 320 
* 890
* 5
cfi=(17)
cfn=(78)
calls=1 320 
* 27
* 6
+1 4
+3 5
cfn=(84) do_preload
calls=1 801 
* 2804
* 2
fi=(4)
189 2
fe=(2)
1875 1
cfn=(148) init_tls
calls=1 719 
* 759
* 2
2242 1
+1 1
-3 2
1786 8
+4 1
+1 1
-1 1
+2 2
+1 3
+21 1
1693 1
+2 5

fn=(50)
834 12
+1 4
+1 8

fn=(148)
719 1
+62 1
-62 5
cfi=(3)
cfn=(4)
calls=1 131 
* 2
* 2
+6 1
-4 1
+4 1
-4 1
+4 1
+60 7
-54 1
+3 4
cfi=(17)
cfn=(38)
calls=1 108 
* 77
+12 1
-12 1
+7 1
+1 1
+4 1
+2 5
+2 12
+4 1
+2 1
-7 1
-1 2
+1 3
-1 7
+10 2
+3 1
cfi=(36)
cfn=(150) _dl_determine_tlsoffset
calls=1 116 
* 89
+7 1
cfi=(36)
cfn=(152) _dl_allocate_tls_storage
calls=1 332 
* 499
+1 1
-1 1
+1 1
+6 1
+4 1
-4 1
+4 17
+3 1
+2 1

fn=(84)
801 4
+12 1
-12 1
cfi=(3)
cfn=(4)
calls=1 131 
* 2
* 3
+6 1
-6 1
+12 1
-5 1
+5 2
-2 1
+2 1
-10 1
+6 1
+4 1
-2 1
+2 2
cfi=(27)
cfn=(86) _dl_catch_error
calls=1 160 
* 2765
+1 1
-1 1
+1 2
+2 4
+12 6

fn=(92) map_doit
627 1
+2 1
-2 4
+2 7
cfi=(21)
cfn=(94) _dl_map_object
calls=1 1971 
* 2682
* 2
+2 3

fn=(2)
364 7
cfi=(3)
cfn=(4)
calls=1 131 
* 2
* 2
+18 2
fi=(6)
49 1
+11 1
fe=(2)
382 1
fi=(6)
60 1
fe=(2)
411 1
-3 1
fi=(4)
119 1
fe=(2)
411 1
fi=(4)
119 2
+3 15
+15 13
-18 39
+18 1
-18 3
+2 36
+5 20
+1 12
+10 4
-18 13
+25 2
+20 4
+1 4
+1 4
+1 4
+5 4
+2 4
+1 4
+1 4
+6 3
+3 2
+13 3
+1 3
+4 3
+2 3
+3 3
+1 3
fe=(2)
539 3
287 1
546 1
287 95
fi=(4)
128 4
+3 4
fe=(2)
287 2
+12 2
cfi=(7)
cfn=(12)
calls=1 858 
* 40
+1 2
+1 2
+1 2
+1 2
+21 2
+10 1
-10 1
+10 1
-6 1
+6 3
cfi=(8)
cfn=(14)
calls=1 89 
* 104496
* 1
+9 1
+3 2
+4 1
-4 2
+4 1
571 7
-27 17
fi=(5) /build/buildd/eglibc-2.12.1/elf/do-rel.h
75 3
+1 3
+3 5
+25 3
fi=(6)
640 1
fi=(5)
105 1
fi=(6)
640 13
fi=(5)
105 12
fi=(6)
640 12
-1 13
fi=(5)
104 13
fi=(6)
641 13
fi=(5)
104 27
+5 3
+8 5
+5 1
-2 1
+2 1
-2 4
fi=(6)
348 1
-3 2
+3 3
fi=(5)
122 7
-2 7
+2 7
-2 28
fi=(6)
348 7
-3 14
+3 21
+5 32
+4 24
fi=(5)
117 25
fi=(4)
+17 4
+1 4
fe=(2)

fn=(88) _dl_initial_error_catch_tsd
792 4
cfi=(22)
cfn=(68)
calls=4 84 
* 8
* 12
+3 12

fn=(28)
2514 6
cfi=(3)
cfn=(4)
calls=1 131 
* 2
* 3
+7 2
+1 3
2671 2
2522 2
-7 1
+6 3
2658 1
-6 1
2515 1
2680 2
-22 1
-6 2
2524 2
cfi=(13) /build/buildd/eglibc-2.12.1/elf/dl-environ.c
cfn=(30) _dl_next_ld_env_entry
calls=1 30 
* 55
* 4
cfi=(13)
cfn=(30)
calls=2 30 
* 277
* 9
+4 6
-4 2
+4 38
+1 19
-1 57
+9 12
2690 1
-4 2
+4 1
-4 1
+4 1
+33 3
+22 6
2613 17
-53 5
+7 6
cfi=(14)
cfn=(32)
calls=1 58 
* 36
* 3
+2 2
+1 1
+45 2
+1 1

fn=(52)
840 12
+1 4
+1 8

fl=(7)
fn=(166) do_lookup_x
83 658
-5 188
+5 282
cfi=(3)
cfn=(4)
calls=94 +48 
* 188
* 94
-5 846
+6 94
231 282
+4 94
89 94
273 94
-42 188
115 94
235 94
+38 94
-38 94
115 188
-16 94
-3 94
+1 94
+2 94
+3 94
-3 94
+3 94
-3 197
-3 197
+1 197
+2 197
+3 197
-3 197
+3 197
+4 582
+4 582
+4 582
+7 873
+4 291
+1 291
-1 582
+1 582
227 873
+1 582
+4 873
+3 582
-3 291
+3 3201
+24 203
+24 406
459 1206
+1 181
-1 520
+4 1009
+4 24
283 2
+2 4
+3 766
+17 180
+1 90
-1 90
+1 90
467 90
306 90
467 450
292 33
460 46
cfi=(29)
cfn=(96)
calls=23 301 
* 1323
-1 69
242 480
+1 192
+2 576
+10 304
-7 960
+2 180
+1 90
-1 360
+1 270
cfn=(168) check_match.8647
calls=90 133 
* 13707
+1 184
115 24
426 264

fn=(12)
858 24
+4 4
-4 4
cfi=(3)
cfn=(4)
calls=4 131 
* 8
* 4
+4 8
+5 4
+3 8
+1 8
+1 4
+2 12
+1 4
+1 8
+2 4
+1 4
+2 4
+2 8
-7 4
+7 12
+13 24

fn=(168)
133 630
+1 90
-1 180
cfi=(3)
cfn=(4)
calls=90 -2 
* 180
* 90
+1 90
+2 180
+2 450
+10 270
+3 180
+5 90
-1 90
+1 90
-1 90
+1 90
+2 174
+19 174
+1 348
-1 87
+2 87
-1 174
+1 522
cfi=(19)
cfn=(54)
calls=87 34 
* 6550
-1 261
+46 630
-73 108
cfi=(19)
cfn=(54)
calls=18 34 
* 1521
* 36
+55 9
+2 36
+4 4
+1 4
-1 2
+1 2
-1 2
+3 6
-79 180

fn=(164)
713 376
474 94
713 282
474 94
713 188
474 94
713 94
cfi=(3)
cfn=(4)
calls=94 131 
* 188
* 94
474 282
+1 282
-1 94
+1 188
-1 282
+1 3414
-1 1138
+1 2276
-1 3414
723 94
-4 94
-4 94
+8 94
-7 188
+7 268
+5 564
+6 1034
+8 4
-8 20
+2 1974
cfn=(166)
calls=94 83 
* 40933
+3 188
-5 188
+33 188
+23 360
+1 540
+35 360
+14 270
+3 270
1012 90
848 180
+1 90
+1 564
-81 32
+17 12
+1 4
+54 2

fl=(11)
fn=(22)
47 13
+2 13
+2 13
+2 13
+1 3
+2 3
+1 3
+2 2
+1 2
+2 2
+2 2
+1 2
+2 2
+2 1
+1 1
+2 1
+1 1
+26 1
+1 1
+2 1
+1 1
+2 1
+1 1
-7 17
+1 17
+2 17
+1 17
+2 17
+1 17
+2 18
+2 18
+2 18
+3 18
+1 18
+2 18
+1 18
+2 18
+1 18
+2 15
+2 15
+2 15
+3 15
+1 15
+2 15
+1 15
+2 15
+1 15
+2 14
+2 14
+2 14
+3 12
+1 12
+2 12
+1 12
+2 12
+1 12
+2 8
+2 8
+2 8
+3 12
+1 12
+2 12
+1 12
+2 8
+1 8
+2 8
+2 3
+1 3
+2 3
+1 3
+2 1
+3 1
+4 1
-4 12
+4 12

fl=(36)
fn=(174)
820 6
cfi=(3)
cfn=(4)
calls=1 131 
* 2
* 2
+6 2
+3 2
+5 3
+41 2
+1 3
+1 6

fn=(152)
332 5
cfi=(3)
cfn=(4)
calls=1 131 
* 2
* 3
+2 1
+11 4
cfi=(17)
cfn=(46)
calls=1 53 
* 78
+1 1
-1 1
+1 1
+7 1
+4 1
-4 1
+4 305
-58 1
+1 1
-1 1
+1 3
cfi=(17)
cfn=(38)
calls=1 108 
* 77
+1 2
+3 1
+6 2
+64 7

fn=(136) _dl_next_tls_modid
54 5
cfi=(3)
cfn=(4)
calls=1 +77 
* 2
* 3
+3 3
+48 2
+4 6

fn=(150)
116 6
cfi=(3)
cfn=(4)
calls=1 +15 
* 2
* 2
+6 4
+3 4
+36 3
+2 10
-2 6
+5 2
+4 1
-4 3
+2 3
+2 1
-2 1
+2 7
+16 6
+2 3
-2 2
+2 2
+10 3
-37 3
+40 1
+52 1
-52 1
+1 2
+51 1
-51 3
+52 6

fn=(176)
380 7
cfi=(3)
cfn=(4)
calls=1 131 
* 2
* 1
+1 1
-1 1
+1 1
+12 1
-8 1
+8 4
-8 2
+13 7
+6 9
+22 2
+1 4
+2 2
+1 2
+8 1
-8 1
+8 1
+1 2
+1 10
cfi=(23)
cfn=(70)
calls=1 44 
* 16
* 5
cfi=(31)
cfn=(112)
calls=1 52 
* 33
-42 4
+6 6
+3 1
+1 2
+8 1
-2 3
+2 1
-2 1
+2 1
+38 3
+3 7

fl=(23)
fn=(70)
44 49
+1 49
+2 49
+2 49
+2 49
+2 49
+1 49
+1 49
+1 15
+1 15
+1 15
-1 34
+1 34
+1 32
+1 143
+2 49
+2 49
+5 49

fl=(12)
fn=(24)
35 5
cfi=(3)
cfn=(4)
calls=1 +96 
* 2
* 4
+8 6
+4 2
+11 7

fl=(27)
fn=(86)
160 15
cfi=(3)
cfn=(4)
calls=3 -29 
* 6
* 15
+9 3
+2 3
cfi=(2)
cfn=(88)
calls=3 792 
* 27
* 3
+1 3
+2 3
-2 3
+2 9
cfi=(28)
cfn=(90)
calls=3 34 
* 33
+1 3
-1 3
+1 3
+2 9
+1 9
cfi=(32)
cfn=(120) openaux
calls=2 62 
* 7960
cfi=(2)
cfn=(92)
calls=1 627 
* 2700
+1 9
+1 3
+1 3
-1 3
+2 3
-1 3
+1 3
+10 18

fn=(138)
198 5
cfi=(3)
cfn=(4)
calls=1 -67 
* 2
* 6
+1 1
cfi=(2)
cfn=(88)
calls=1 792 
* 9
+5 1
+4 1
+2 1
-7 1
+7 1
-3 1
+3 3
cfi=(2)
cfn=(140)
calls=1 659 
* 2974
+2 2
+1 1
-1 1
+2 1
-1 1
+1 5

fl=(13)
fn=(30)
30 9
+1 3
-1 3
+4 11
+2 92
+11 44
-13 133
+17 9
-14 20
+5 2
-3 2
+3 2
+2 2

fl=(32)
fn=(118)
149 7
+1 1
-1 1
+16 1
-16 1
cfi=(3)
cfn=(4)
calls=1 -18 
* 2
* 1
+1 5
+16 1
-16 1
+14 1
+1 1
+1 2
+6 4
+10 5
+1 1
-1 1
-18 1
+2 1
-1 1
+7 1
+10 1
-10 3
+10 6
+4 1
338 1
-8 1
186 1
303 1
186 1
+15 1
+2 1
+1 1
338 1
201 1
330 1
-27 2
-95 1
+5 1
-5 1
+5 1
+4 1
-9 1
+9 2
-9 3
+5 3
-5 3
+5 3
+4 3
-9 3
+9 6
+2 2
+3 16
+2 2
+8 2
-8 2
+11 2
-11 2
+8 2
-2 2
+5 2
-11 2
+5 2
+2 4
+4 8
+58 2
-58 2
+58 2
-58 4
+1 88
+6 12
cfi=(25) /build/buildd/eglibc-2.12.1/string/../sysdeps/i386/strchr.S
cfn=(74) index
calls=2 38 
* 138
* 6
+5 8
-3 2
+3 8
cfi=(27)
cfn=(86)
calls=2 -87 
* 8090
+2 2
-2 2
+2 4
+15 2
+2 4
+19 6
+1 5
-51 220
466 12
+2 8
+2 6
cfi=(17)
cfn=(42)
calls=2 96 
* 102
+2 2
-2 2
+2 2
+3 2
+1 4
-1 2
+1 10
cfi=(18)
cfn=(48)
calls=2 44 
* 55
+1 12
cfi=(18)
cfn=(48)
calls=2 44 
* 55
+3 4
+4 20
+2 4
+1 23
277 2
-6 6
+8 2
-3 2
-2 2
+1 2
+2 2
+4 12
-59 10
+13 4
-18 21
+1 3
-1 6
+2 16
487 4
+4 2
+4 5
+11 4
cfi=(17)
cfn=(42)
calls=1 96 
* 51
+2 1
-2 1
+2 1
+5 3
+1 1
-1 1
+1 1
-1 1
+1 3
+4 16
+4 16
+4 4
-10 12
+13 3
+51 6
+2 5
+35 4
+7 1
+6 1
-6 2
+6 1
-6 1
+6 3
-6 2
+6 2
-6 4
+6 2
-6 2
+6 21
+5 18
+4 6
+1 4
-1 3
+1 4
+3 6
-1 9
-7 12
-13 12
+40 3
+2 1
+8 1
-8 1
+8 1
+3 2
+3 6
491 2
+1 3
288 210
617 8
cfi=(18)
cfn=(48)
calls=1 44 
* 30
+5 2

fn=(120)
62 2
+4 2
-4 10
+7 2
-3 8
-1 2
+1 2
-1 14
cfi=(21)
cfn=(94)
calls=2 1971 
* 7904
* 4
+5 10

fl=(21)
fn=(76) fillin_rpath
384 6
cfi=(3)
cfn=(4)
calls=1 131 
* 2
* 7
+11 1
+22 1
-22 1
+22 2
-29 5
cfi=(17)
cfn=(78)
calls=1 -68 
* 301
* 5
cfi=(17)
cfn=(78)
calls=1 -68 
* 27
* 6
+3 3
cfi=(11)
cfn=(22)
calls=1 47 
* 53
+4 1
-4 1
+4 1
+15 3
+29 17
+1 12
+12 1
+6 4
+3 6
cfi=(17)
cfn=(42)
calls=1 96 
* 51
+3 2
-3 1
+3 1
+4 1
+2 2
-2 2
+2 4
cfi=(23)
cfn=(70)
calls=1 44 
* 19
* 1
+1 1
+2 1
-2 1
+2 1
+6 2
+1 1
-1 3
+1 3
+1 1
-1 3
+1 15
-1 45
+4 1
-1 1
+1 1
-1 1
+1 1
+7 1
+4 1
-4 1
+4 1
-3 1
+3 4
-93 5
+5 4
+93 2
+3 1
-3 1
+3 6
-14 2

fn=(98) expand_dynamic_string_token
314 5
cfi=(3)
cfn=(4)
calls=1 131 
* 2
* 5
+10 3
cfi=(25)
cfn=(74)
calls=1 38 
* 214
* 2
+15 1
-11 1
+11 4
-11 1
cfn=(100) local_strdup
calls=1 160 
* 238

fn=(102) open_verify
1568 198
cfi=(3)
cfn=(4)
calls=18 131 
* 36
* 18
+36 18
-36 18
+36 69
1808 126
1625 72
cfi=(22)
cfn=(104)
calls=18 82 
* 324
+1 18
-1 18
+1 18
+11 2
-1 2
+1 12
cfi=(22)
cfn=(106)
calls=2 82 
* 20
* 4
+7 2
-7 2
+7 2
+16 26
+2 4
-2 30
+60 6
+5 6
+2 6
+6 6
+7 4
+1 2
-1 4
+1 6
+1 4
+15 82
+1 46
+4 10
+1 6
+14 14
+2 8
+5 1
+1 1
-13 40
+16 2
+3 1
+1 1
+1 1
+1 3
+1 1
-1 11
-42 3

fn=(100)
160 10
cfi=(3)
cfn=(4)
calls=2 -29 
* 4
* 2
+1 2
-1 6
+1 2
cfi=(11)
cfn=(22)
calls=2 47 
* 173
* 2
+1 4
cfi=(17)
cfn=(42)
calls=2 -66 
* 102
* 2
+2 6
+3 8
cfi=(18)
cfn=(48)
calls=2 44 
* 64
+1 12

fn=(124) open_path
1822 7
+1 1
-1 1
cfi=(3)
cfn=(4)
calls=1 131 
* 2
* 2
+1 1
+6 1
-6 1
+6 1
+5 6
+46 2
-46 7
+75 2
-41 3
-22 3
+7 1
+1 1
-1 6
cfi=(23)
cfn=(70)
calls=1 44 
* 19
+1 2
-1 1
+1 3
+32 4
-12 32
-20 63
+3 32
+4 144
cfi=(23)
cfn=(70)
calls=16 44 
* 272
* 96
cfi=(23)
cfn=(70)
calls=16 44 
* 272
* 16
-1 16
+7 32
+3 176
cfn=(102)
calls=16 1568 
* 848
+2 16
-2 16
+2 48
+26 1
+41 6
+7 1
-2 1
+2 4
-67 48
+1 96
+79 16
-79 32
+6 48
+3 96
cfi=(33)
cfn=(126)
calls=16 47 
* 348
-1 32
+1 4
+2 30
+7 32
+51 3
+10 1
+4 7
-70 3

fn=(94)
1971 21
+7 3
-7 3
cfi=(3)
cfn=(4)
calls=3 131 
* 6
* 9
+7 6
+1 9
+3 18
+12 12
-12 18
+5 21
+1 14
+2 21
cfi=(29)
cfn=(96)
calls=7 301 
* 559
* 14
2255 7
2014 4
-1 4
+10 2
-1 4
+24 2
+2 6
cfi=(25)
cfn=(74)
calls=2 38 
* 85
* 4
2187 2
+1 3
cfn=(98)
calls=1 314 
* 476
+2 1
-3 1
+3 1
+4 10
cfn=(102)
calls=1 1568 
* 214
+3 1
-3 1
+3 1
+11 6
+3 2
-3 2
+3 2
+41 2
+1 2
-1 2
+1 30
cfn=(108) _dl_map_object_from_fd
calls=2 842 
* 3762
+2 4
-2 2
+2 10
2013 4
+39 2
cfi=(11)
cfn=(22)
calls=1 47 
* 40
* 1
+2 1
-2 1
+2 1
+7 7
+35 3
+1 19
cfn=(124)
calls=1 1822 
* 2965
+6 1
-6 1
+6 1
+78 2
-78 10
cfn=(122) cache_rpath
calls=1 598 
* 13
* 2
+7 4
+6 2
cfi=(34)
cfn=(128)
calls=1 183 
* 1535
+2 1
-2 1
+2 1
+4 3
+12 2
+22 11
cfn=(102)
calls=1 1568 
* 252
+3 1
-3 1
+3 1
+2 3
cfn=(100)
calls=1 160 
* 161
+1 2
-1 1
+1 1
-97 1
+5 1
-5 1
+5 1
+3 1
-3 1
+3 6
-3 1
+3 6
-3 3
+1 7
cfn=(122)
calls=1 598 
* 13
* 2
+14 5
+1 5
-1 8
cfn=(122)
calls=1 598 
* 13
* 2
-90 6
-1 12
+4 6
+2 8
cfi=(19)
cfn=(54)
calls=2 34 
* 25
* 6

fn=(108)
842 12
cfi=(3)
cfn=(4)
calls=2 131 
* 4
* 6
+11 2
-11 2
+11 4
cfi=(26)
cfn=(80)
calls=2 49 
* 56
* 2
+4 12
cfi=(30)
cfn=(110)
calls=2 46 
* 36
* 4
+11 12
+1 14
-1 15
+1 40
+17 6
+22 4
+9 4
+21 8
+31 6
+3 20
cfi=(15)
cfn=(34)
calls=2 36 
* 1238
* 2
+1 2
-1 2
+1 2
-52 4
+63 2
+1 2
-64 2
+63 2
+2 2
-1 2
+4 2
-3 2
+2 2
+1 2
-1 2
+1 6
+1 4
+22 2
-17 2
+17 8
+8 2
-8 4
+8 6
-8 2
+8 2
+89 2
+7 2
-96 6
+89 4
+28 2
1020 2
+96 2
+21 6
1021 28
+6 4
+1 8
-8 96
+1 101
+60 3
+4 1
+1 2
+1 3
+4 2
+3 2
+4 4
+6 1
cfi=(36)
cfn=(136)
calls=1 54 
* 21
* 3
+1 1
-67 28
+6 28
+8 8
+1 4
-1 16
+1 16
+1 4
-1 4
+1 32
+2 12
+1 12
+1 12
+4 4
-4 4
+4 16
+5 16
+11 2
-11 16
+11 2
-46 2
+1 1
1163 4
+1 6
-5 4
+1 2
-70 4
+78 6
+13 2
985 2
1181 4
985 2
1181 10
+2 2
-2 2
+2 2
+19 26
cfi=(24)
cfn=(72)
calls=2 35 
* 46
+4 2
-4 2
+4 2
+7 6
+1 4
+2 2
-2 2
+2 2
+10 4
+35 8
+1 6
+2 12
+7 16
+7 2
-1 2
+1 2
+1 2
-2 2
+2 2
+1 4
-1 12
+8 4
+3 6
+11 16
cfi=(31)
cfn=(112)
calls=2 52 
* 449
+1 12
+5 4
+15 4
-73 24
+4 4
-2 4
+2 24
cfi=(24)
cfn=(72)
calls=2 35 
* 46
-2 4
+75 2
-77 2
+77 4
+9 2
fi=(4)
113 2
fe=(21)
1335 2
fi=(4)
113 2
+6 2
-2 2
+2 4
+25 6
+20 7
+1 8
+1 8
+1 8
+2 6
+3 8
+2 8
+1 7
+1 8
+6 6
+7 6
+5 6
+4 6
+1 6
+12 6
+5 1
+2 1
-2 1
+2 1
+2 2
+2 2
+3 6
+2 2
+2 2
+3 6
fe=(21)
1341 6
+16 6
+19 4
+2 10
+51 6
+1 2
+3 3
cfi=(22)
cfn=(116)
calls=1 82 
* 8
* 3
cfi=(22)
cfn=(116)
calls=1 82 
* 8
* 4
+8 4
+3 6
+2 4
+16 4
cfi=(7)
cfn=(12)
calls=2 858 
* 80
+4 4
+1 6
+17 4
+4 4
+5 2
-5 4
+1 4
+4 2
-4 4
+4 2
+8 2
-1 4
+20 14
fi=(4)
122 31
+15 31
-18 93
+18 10
-18 30
+2 82
+5 40
+1 32
+1 8
+3 8
+3 8
+1 8
fe=(21)
1485 2
1266 3
-2 2
+2 2
-2 3
+2 2
+1 7
+2 4
+42 10
cfi=(24)
cfn=(72)
calls=1 35 
* 23
+3 2
fi=(4)
189 4
fe=(21)

fn=(62)
622 6
cfi=(3)
cfn=(4)
calls=1 131 
* 2
* 3
+15 6
cfi=(8)
cfn=(64)
calls=1 354 
* 2664
* 2
+4 2
cfi=(17)
cfn=(42)
calls=1 96 
* 51
+2 1
-2 2
+2 1
+7 7
+4 3
cfi=(17)
cfn=(42)
calls=1 96 
* 94
* 2
+3 5
+7 2
+19 1
+3 2
-3 1
+3 3
-23 1
+20 2
+3 1
-22 1
+22 2
-14 1
+3 1
+2 1
-5 1
+2 2
+4 2
+1 1
+3 2
-10 3
+3 3
+2 3
-5 3
+2 6
+4 6
+1 3
+3 10
+1 12
+1 4
-1 12
+1 60
-1 188
+3 4
-3 4
+3 13
+4 3
-4 3
+4 10
-4 1
+11 1
-5 1
+1 1
+5 2
+2 4
+2 3
+32 6
+8 3
cfi=(25)
cfn=(74)
calls=1 38 
* 82
* 2
+2 3
cfi=(11)
cfn=(22)
calls=1 47 
* 55
* 10
cfi=(18)
cfn=(48)
calls=1 44 
* 25
* 1
+17 7
+2 1
+1 2
+1 1
-4 3
+2 13
+1 26
+1 13
-4 40
+7 2
cfi=(17)
cfn=(42)
calls=1 96 
* 51
+2 1
-2 1
+2 1
+6 10
cfn=(76)
calls=1 384 
* 662
+4 4
+6 1
-52 1
+58 2
+1 6
-75 1
-2 1
+2 2
+11 2

fn=(122)
598 15
+1 12
+17 12

fl=(25)
fn=(74)
38 6
+3 6
+1 6
+7 6
+1 6
+1 6
+1 6
+13 6
+1 6
+1 2
+1 2
+1 2
+1 2
+1 2
+1 2
+2 2
+1 2
+1 2
+1 2
+1 2
+1 2
+1 2
+1 2
+2 2
+1 2
+1 1
+1 1
+1 1
+1 1
+1 1
+1 1
+3 1
+32 2
+2 2
+1 2
+2 2
+1 2
+10 2
-14 6
+1 6
+2 6
+1 6
+10 6
+4 8
+3 8
+1 8
+4 8
+6 7
+1 7
+1 7
+3 7
+1 7
+1 7
+1 7
+2 7
+2 7
+1 7
+2 7
+1 7
+3 7
+1 7
+1 7
+1 7
+2 7
+1 7
+1 7
+1 7
+3 7
+1 7
+1 7
+1 7
+2 7
+2 7
+1 7
+2 7
+1 7
+3 7
+1 7
+1 7
+1 7
+2 7
+1 7
+1 7
+1 7
+3 7
+1 5
+1 5
+1 5
+2 5
+2 3
+1 3
+2 3
+1 3
+3 3
+1 3
+1 3
+1 3
+2 3
+1 3
+1 3
+1 3
+3 3
+1 2
+1 2
+1 2
+2 2
+3 5
+2 5
+5 5
+14 1
+1 1
+23 1
+5 1

fl=(30)
fn=(110)
46 6
+3 3
-3 3
+3 3
-3 3
cfi=(3)
cfn=(4)
calls=3 +85 
* 6
* 3
+3 18
+33 9

fl=(39)
fn=(170) _dl_protect_relro
334 20
cfi=(3)
cfn=(4)
calls=4 131 
* 8
* 8
+1 4
-1 4
+1 4
+1 16
+2 8
+2 8
+1 20
cfi=(40)
cfn=(172)
calls=4 82 
* 40
-1 8
+7 20

fn=(158)
158 32
cfi=(3)
cfn=(4)
calls=4 -27 
* 8
* 4
+10 8
+4 4
-4 4
+4 4
+1 20
+6 12
+6 12
+4 8
+8 20
+45 4
fi=(6)
104 4
fe=(39)
242 12
fi=(6)
104 4
fe=(39)
268 84
156 4
268 4
156 4
268 16
fi=(5)
65 4
-7 4
+7 4
-7 4
+7 4
fe=(39)
268 8
fi=(5)
65 4
-7 4
+7 4
-7 4
+7 4
+3 8
fi=(6)
402 9
661 3
-1 6
+1 3
+2 6
-2 13
-1 26
+1 13
+2 26
+2 64
+1 32
fi=(5)
68 57
+59 3
fe=(39)
268 9
fi=(5)
127 5
fe=(39)
268 27
+3 8
+40 12
+3 8
+13 12
+1 8
cfn=(170)
calls=4 +6 
* 168
* 4
+1 24
fi=(6)
104 9
+6 6
+4 9
+5 6
+8 9
+13 9
fe=(39)
+46 24
fi=(5)
75 16
+1 31
+15 6
-12 3
+12 5
-12 1
+12 1
+7 9
+6 4
fi=(6)
640 2
fi=(5)
105 2
fi=(6)
640 2
-1 6
+1 1251
fi=(5)
105 1251
fi=(6)
640 1251
-1 1251
fi=(5)
104 1251
fi=(6)
641 1251
fi=(5)
104 2504
fi=(6)
641 2
fi=(5)
104 4
+7 16
+4 3
+2 3
-2 3
+2 3
fi=(6)
467 6
-65 3
+8 3
+57 6
-65 3
+8 6
fi=(5)
119 6
+3 6
-3 3
fi=(6)
317 3
fi=(5)
119 6
+1 6
fi=(6)
320 3
fi=(5)
122 3
fi=(6)
317 3
fi=(5)
119 3
+1 15
fi=(6)
320 3
fi=(5)
119 200
+3 200
-3 100
fi=(6)
317 100
fi=(5)
119 200
+1 200
fi=(6)
320 100
fi=(5)
122 100
fi=(6)
317 100
fi=(5)
119 100
+1 500
fi=(6)
320 100
+17 309
+7 2385
fi=(5)
120 80
fi=(6)
344 240
fi=(5)
120 80
fi=(6)
344 240
fi=(5)
120 80
fi=(6)
344 326
fi=(5)
120 6
fi=(6)
344 18
fi=(5)
120 6
fi=(6)
344 18
fi=(5)
120 6
fi=(6)
344 1572
cfi=(7)
cfn=(164)
calls=86 713 
* 55934
* 516
+1 511
+2 206
+1 404
+5 206
fi=(5)
127 16
fi=(6)
353 412
478 81
fi=(5)
117 81
fi=(6)
478 81
fi=(5)
117 164
fi=(6)
450 10
fi=(5)
117 10
fi=(6)
450 10
fi=(5)
117 21
fi=(6)
371 4
+1 2
fi=(5)
117 2
fi=(6)
372 2
fi=(5)
117 2
fi=(6)
372 2
fi=(5)
117 2
fi=(6)
439 30
+2 30
+1 10
fi=(5)
117 10
fi=(6)
442 30
fi=(5)
117 10
fi=(6)
442 10
fi=(5)
117 10
fi=(6)
344 12
fe=(39)
-76 51
fi=(5)
127 2
fi=(6)
467 2
-65 1
+8 1
+57 2
-65 1
+8 2
fi=(5)
129 3
-1 2
fi=(6)
317 1
fi=(5)
128 3
fi=(6)
320 1
-3 1
fi=(5)
128 2
fi=(6)
320 1
fi=(5)
129 6
-1 4
fi=(6)
317 2
fi=(5)
128 6
fi=(6)
320 2
-3 2
fi=(5)
128 4
fi=(6)
320 2
+17 9
+7 141
cfi=(7)
cfn=(164)
calls=3 713 
* 1759
* 18
+1 11
+2 6
+1 4
+5 18
+37 9
fi=(5)
127 10
fe=(39)
268 74
156 4
268 8
156 4
fi=(6)
610 8
-50 8
+50 8
-50 4
fe=(39)
268 4
fi=(5)
75 4
fe=(39)
268 4
fi=(5)
75 4
+1 4
-18 8
+17 4
+1 8
-1 4
+1 4
fe=(39)
268 4
fi=(5)
75 4
fe=(39)
268 4
fi=(5)
75 4
+1 4
-18 8
+17 4
+1 8
-1 4
+1 4
+15 8
-12 8
+12 16
+10 24
+10 32
+4 6
+2 6
-2 6
+2 6
+10 8
fe=(39)
268 48
fi=(5)
104 12
+23 2
fi=(6)
568 4
fi=(5)
127 2
fi=(6)
344 145
fe=(39)

fl=(9)
fn=(58)
67 6
cfi=(3)
cfn=(4)
calls=1 +64 
* 2
* 2
+2 4
+40 3
cfi=(20)
cfn=(60)
calls=1 -27 
* 8
* 3
+12 3
+10 12
+2 3
+2 3
-2 6
+2 9
+3 4
-3 4
+7 3
-1 3
+2 3
+2 16
+9 7

fl=(18)
fn=(48)
44 12
+1 12
+1 12
+1 12
+2 12
+1 12
+1 12
+1 12
+1 12
+1 12
+2 8
+1 8
+2 8
+1 8
+11 8
+1 8
+1 8
+1 8
+1 42
+2 8
+1 14
+2 8
+2 8
+1 8
+1 8
+4 8
-6 4
+1 4
+1 4
+4 4
+6 4
+1 4
+1 3
+1 3
+1 3
-1 1
+1 1
+1 3
+1 21
+2 4

fl=(26)
fn=(82)
76 4
+1 4

fn=(80)
49 20
cfi=(3)
cfn=(4)
calls=4 +82 
* 8
* 4
+3 4
-3 12
+3 4
+5 4
-5 4
+5 12
+4 2
-1 1
+1 1
+1 1
-1 1
+1 2
+1 2
+4 28
-10 9

fl=(37)
fn=(142)
387 3
+4 1
-4 1
+4 1
-4 3
cfi=(3)
cfn=(4)
calls=1 131 
* 2
* 1
+4 1
-4 2
+4 2
+1 12
-1 4
+1 4
-1 8
+5 7
-3 16
cfn=(144) _dl_check_map_versions
calls=4 180 
* 2869
-1 16

fn=(146) match_symbol
82 28
cfi=(3)
cfn=(4)
calls=4 +49 
* 8
* 8
+1 4
-1 4
+1 4
+8 4
-8 4
+8 4
+6 16
+15 4
+1 8
+2 8
+5 8
+14 30
+12 33
+4 11
-30 22
+19 32
cfi=(19)
cfn=(54)
calls=4 34 
* 324
* 12
+34 4
+1 28

fn=(144)
180 32
+15 8
-15 4
cfi=(3)
cfn=(4)
calls=4 -49 
* 8
* 8
+15 8
+4 4
-2 4
+3 4
+2 4
-5 4
+2 4
+1 4
+2 4
+3 6
+4 2
-4 2
+4 4
+10 8
+7 4
62 2
226 2
62 2
226 2
62 12
+1 5
-1 10
+2 21
cfi=(29)
cfn=(96)
calls=7 301 
* 568
* 14
230 4
+4 6
+5 8
+20 2
-16 65
cfn=(146)
calls=1 82 
* 131
* 33
cfn=(146)
calls=3 82 
* 477
* 28
+11 12
+9 8
+6 4
+8 12
+3 18
+6 10
+4 10
-4 6
+4 145
-4 89
+8 12
+87 14
-82 15
cfi=(17)
cfn=(38)
calls=3 108 
* 231
* 3
+2 3
-2 3
+2 3
+8 3
+3 3
-3 3
+3 6
+2 9
+3 14
+4 8
+18 6
-13 16
+2 8
+3 4
-3 12
+1 12
+1 12
+1 12
+3 12
+8 10
+10 9
+3 10
+20 31
-14 31
-2 31
+2 33
-2 2
+2 2
+5 186
+2 31
-2 31
+1 93
+4 99
+10 14

ob=(4)
fl=(75) /build/buildd/eglibc-2.12.1/stdlib/../sysdeps/ieee754/dbl-64/dbl2mpn.c
fn=(354) __mpn_extract_double
34 100
+4 20
-2 40
+2 20
-4 40
+4 40
+1 20
+18 20
-18 80
+3 20
+15 20
-15 20
+1 40
+14 20
-14 20
+14 20
+4 30
+43 20
+4 120
-47 20
+2 10
-2 10

fl=(43)
fn=(216)
52 6
cfi=(44) /build/buildd/eglibc-2.12.1/string/../sysdeps/i386/i686/multiarch/strcmp.S
cfn=(218) 0x00016b1f
calls=1 -3 
* 2
* 5
+6 3
+17 1
-2 1
+1 1
+1 1
+14 4
cfi=(45) /build/buildd/eglibc-2.12.1/misc/init-misc.c
cfn=(220) __init_misc
calls=1 -58 
* 113
+8 1
cfi=(47)
cfn=(224) __libc_global_ctors
calls=1 -71 
* 7630
+2 6
-32 2
-9 1
+9 3

fl=(46) /build/buildd/eglibc-2.12.1/string/../sysdeps/i386/strrchr.S
fn=(222) rindex
37 1
+3 1
+3 1
+1 1
+2 1
+7 1
+1 1
+1 1
+1 1
+13 1
+1 1
+1 1
+1 1
+1 1
+2 1
+1 1
+1 1
+2 1
+1 1
+79 1
+1 1
+1 1
+1 1
+1 1
+8 1
+1 1
+1 1
+3 1
+2 1
+1 1
+1 1
+11 1
-13 1
+1 1
+1 1
+11 1
+4 2
+3 2
+1 2
+4 2
+6 2
+2 2
+1 2
+3 2
+1 2
+1 2
+1 2
+2 2
+2 1
+1 1
+1 1
+3 1
+1 1
+1 1
+1 1
+2 1
+65 1
+8 1
+1 1
+2 1
+1 1
+2 1
+1 1
+2 1
+1 1
+15 1
+3 1
+5 1

fl=(85) /build/buildd/eglibc-2.12.1/posix/../sysdeps/unix/sysv/linux/i386/_exit.S
fn=(436) _Exit
25 1
+4 1
+1 1

fl=(56)
fn=(258)
96 6
cfi=(44)
cfn=(218)
calls=1 -47 
* 2
* 4
+10 4
+52 1
-52 1
+52 1
+1 4
cfi=(57) /build/buildd/eglibc-2.12.1/stdlib/cxa_atexit.c
cfn=(260) __cxa_atexit
calls=1 57 
* 106
+22 4
+3 2
+1 8
cob=(5)
cfi=(53)
cfn=(266)
calls=1 0 
* 57
+4 4
+15 2
+9 3
cfi=(58) /build/buildd/eglibc-2.12.1/setjmp/../sysdeps/i386/bsd-_setjmp.S
cfn=(286) _setjmp
calls=1 36 
* 16
+1 2
+5 2
+1 2
+3 2
+3 8
cob=(5)
cfi=(53)
cfn=(288)
calls=1 0 
* 44450
+32 2
cfi=(81) /build/buildd/eglibc-2.12.1/stdlib/exit.c
cfn=(380) exit
calls=1 100 
* 1876
106 2

fl=(68)
fn=(340)
30 80
cfi=(44)
cfn=(218)
calls=20 +19 
* 40
* 40
-1 20
+6 140
cfi=(69) /build/buildd/eglibc-2.12.1/stdio-common/vfprintf.c
cfn=(342) vfprintf
calls=20 210 
* 37196
+4 80

fl=(47)
fn=(424)
36 5
cfi=(44)
cfn=(218)
calls=1 +13 
* 2
* 1
-17 3
+20 4

fn=(224)
26 5
cfi=(44)
cfn=(218)
calls=1 +23 
* 2
* 1
-7 5
+1 1
cfi=(48) /build/buildd/eglibc-2.12.1/libio/oldstdfiles.c
cfn=(226) _IO_check_libio
calls=1 +58 
* 17
-1 2
+1 2
cfi=(52) /build/buildd/eglibc-2.12.1/elf/dl-altinit.c
cfn=(240) dlinit_alt
calls=1 +21 
* 14
cfi=(49) /build/buildd/eglibc-2.12.1/string/../sysdeps/x86_64/cacheinfo.c
cfn=(228) init_cacheinfo
calls=1 493 
* 7568
-1 9
+10 4

fl=(62) /build/buildd/eglibc-2.12.1/libio/genops.c
fn=(432) _IO_default_setbuf
562 9
cfi=(44)
cfn=(218)
calls=1 49 
* 2
* 1
+1 4
cfi=(61) /build/buildd/eglibc-2.12.1/libio/fileops.c
cfn=(434) _IO_file_sync@@GLIBC_2.1
calls=1 899 
* 25
* 2
+2 3
+2 1
+1 7
cfn=(316) _IO_setb
calls=1 404 
* 28
+7 3
+1 3
+2 7

fn=(320) _IO_default_xsputn
452 1
+3 1
-3 5
+3 1
-3 1
cfi=(44)
cfn=(218)
calls=1 49 
* 2
* 2
+3 2
-2 1
+32 5
-25 40
+25 92
cfi=(61)
cfn=(302) _IO_file_overflow@@GLIBC_2.1
calls=9 837 
* 360
* 36
+2 9
+1 9
+1 2
+1 6

fn=(316)
404 14
cfi=(44)
cfn=(218)
calls=2 49 
* 4
* 2
+1 8
+2 4
+1 4
+1 6
+3 1
+1 5
-3 1
+3 5

fn=(428) _IO_flush_all_lockp
823 6
cfi=(44)
cfn=(218)
calls=1 49 
* 2
* 3
+6 7
+1 2
+5 1
-1 1
+2 2
-2 1
+2 1
+4 3
-4 2
+3 2
-1 2
+1 3
-1 1
+1 1
+3 9
+2 6
-2 6
+10 6
+4 6
-2 3
+2 3
+7 3
-27 6
+31 2
+2 3
+4 7
-31 9

fn=(426) _IO_cleanup
1007 6
cfi=(44)
cfn=(218)
calls=1 49 
* 2
* 2
+3 2
cfn=(428)
calls=1 823 
* 109
-59 2
+59 1
-59 1
+11 3
-9 21
+9 17
+7 5
+10 7
cfi=(61)
cfn=(430) _IO_file_setbuf@@GLIBC_2.1
calls=1 453 
* 126
+2 3
+6 3
-36 9
+71 7
-51 1
+4 1
-4 1
+2 1
+2 1
-2 1
+3 1
-2 1
+2 3
+6 12

fn=(304) _IO_doallocbuf
419 7
cfi=(44)
cfn=(218)
calls=1 49 
* 2
* 1
+1 3
+6 5
-4 2
+1 4
cfi=(63) /build/buildd/eglibc-2.12.1/libio/filedoalloc.c
cfn=(306) _IO_file_doallocate
calls=1 88 
* 150
* 2

fn=(322) __overflow
244 728
cfi=(44)
cfn=(218)
calls=104 49 
* 208
* 104
+2 312
+2 624
cfi=(61)
cfn=(302)
calls=104 837 
* 4708
+1 520

fl=(52)
fn=(240)
41 4
cfi=(44)
cfn=(218)
calls=1 +8 
* 2
* 1
-8 4
+10 3

fl=(66) /build/buildd/eglibc-2.12.1/io/../sysdeps/unix/syscall-template.S
fn=(330) __write_nocancel
82 24
cob=(1)
cfi=(1)
cfn=(312)
calls=4 -82 
* 8
* 16

fn=(328) write
82 8
cfn=(330)
calls=4 * 
* 48

fl=(79) /build/buildd/eglibc-2.12.1/string/../sysdeps/i386/i686/multiarch/../mempcpy.S
fn=(364) __GI_mempcpy
44 20
+1 20
+2 20
+2 20
+2 20
+2 20
+1 20
+1 20
+1 20
+1 20
+1 20
+2 20
+2 20
+2 20
+5 20

fl=(70) /build/buildd/eglibc-2.12.1/string/../sysdeps/i386/strchrnul.S
fn=(344) strchrnul
38 40
+4 40
+1 40
+7 40
+1 40
+1 40
+1 40
+13 40
+1 40
+1 20
+1 20
+1 20
+1 20
+1 20
+1 20
+2 20
+1 20
+1 20
+1 20
+1 20
+1 20
+1 20
+47 20
+1 20
+2 20
+1 20
+10 20
+4 20
+3 20
+1 20
+4 20
255 20
+1 20
+22 40
+5 40

fl=(51) /build/buildd/eglibc-2.12.1/stdlib/bsearch.c
fn=(236) bsearch
27 210
+7 468
+2 196
+1 196
-1 392
+1 588
+1 784
cfi=(49)
cfn=(238) intel_02_known_compare
calls=196 145 
* 2338
+1 392
+2 70
+1 126
-8 148
+14 66
-14 12
+14 114

fl=(72) /build/buildd/eglibc-2.12.1/stdio-common/printf_fp.c
fn=(348) __printf_fp
163 260
+33 20
-33 20
+35 20
-35 20
+57 20
-57 20
cfi=(44)
cfn=(218)
calls=20 49 
* 40
* 20
+57 60
+59 20
-59 40
+59 40
+2 160
+1 40
+23 60
+96 60
+3 60
cfi=(73) /build/buildd/eglibc-2.12.1/math/../sysdeps/ieee754/dbl-64/s_isnan.c
cfn=(350) isnan
calls=20 31 
* 360
* 60
-66 60
+16 40
+65 60
cfi=(74) /build/buildd/eglibc-2.12.1/math/../sysdeps/ieee754/dbl-64/s_isinf.c
cfn=(352) isinf
calls=20 21 
* 400
* 60
1265 180
435 200
cfi=(75)
cfn=(354)
calls=20 34 
* 750
* 20
+4 60
+36 20
+12 20
-12 140
+4 60
+1 40
+1 40
-2 20
+1 20
+1 20
+7 20
-9 20
+1 20
+1 20
+7 20
fi=(77) /build/buildd/eglibc-2.12.1/stdio-common/../include/ctype.h
47 40
fe=(72)
834 20
fi=(77)
47 20
fe=(72)
834 20
fi=(77)
47 40
fe=(72)
844 40
+2 20
-2 20
+2 20
+10 40
+48 80
+12 80
+7 40
fi=(86) /build/buildd/eglibc-2.12.1/stdio-common/../nptl/sysdeps/pthread/allocalim.h
28 40
fe=(72)
933 120
+1 20
+3 20
-3 20
+3 20
-3 20
+3 24
+3 36
-3 36
+3 144
+3 18
-1 18
+1 18
cfn=(360) hack_digit.12428
calls=18 236 
* 1260
-3 18
+3 18
-3 108
+6 54
+3 90
+8 108
+6 18
-14 2
+8 12
+6 2
+11 60
-8 60
+2 60
-5 200
+4 120
cfn=(360)
calls=60 236 
* 4296
+1 60
-1 60
+1 60
+2 165
+9 60
-15 40
+15 40
cfn=(360)
calls=20 236 
* 1432
+1 60
1102 60
+7 80
+3 60
+6 60
+46 60
+2 120
+2 20
-2 20
+2 80
+3 40
+7 100
+9 60
+47 80
+17 100
+3 60
+7 60
-92 40
-5 80
659 40
828 144
cfi=(76) /build/buildd/eglibc-2.12.1/stdlib/../sysdeps/i386/lshift.S
cfn=(356) __mpn_lshift
calls=18 35 
* 504
+1 18
+1 18
-2 18
+1 72
1173 60
+78 1140
-58 60
+4 60
cfi=(60) /build/buildd/eglibc-2.12.1/string/../sysdeps/i386/i686/multiarch/../../i586/strlen.S
cfn=(298) __GI_strlen
calls=20 47 
* 480
+2 40
-2 20
+2 60
+6 80
+1 20
-1 20
+1 40
+11 120
+7 20
-6 20
+6 40
-6 20
+6 140
+3 160
+3 160
-6 300
+1 300
+1 60
+2 80
cfi=(79)
cfn=(364)
calls=20 44 
* 300
* 40
+23 100
464 60
1251 500
cfi=(62)
cfn=(322)
calls=100 244 
* 6400
* 300
871 12
1175 40
858 20
+1 100
+3 60
+2 18
+2 54
-2 18
+2 18
-2 18
+2 54
+89 4
+2 6
-2 2
+2 2
-1 2
+1 8
668 2
-4 2
+4 14
cfi=(76)
cfn=(356)
calls=2 35 
* 56
+1 2
+3 2
+1 4
+20 2
-25 2
+1 6
+4 2
+48 2
-28 2
+28 2
-28 2
-20 4
+5 2
+2 4
-2 22
+2 44
792 92
-2 44
+81 6
-55 6
-22 6
+4 16
cfi=(78) /build/buildd/eglibc-2.12.1/stdlib/../sysdeps/i386/mul_1.S
cfn=(362) __mpn_mul_1
calls=2 41 
* 86
+4 2
+1 2
-4 2
+3 2
+1 8
+2 16
cfi=(76)
cfn=(356)
calls=2 35 
* 68
+2 2
-2 2
+2 2
+1 6
+4 2
+1 4
fi=(77)
48 7
fe=(72)

fn=(360)
236 686
+3 98
-3 98
cfi=(44)
cfn=(218)
calls=98 49 
* 196
* 98
+3 212
+2 294
+2 490
+1 490
cfi=(78)
cfn=(362)
calls=98 41 
* 3494
* 98
+30 98
-30 98
+30 490
-35 48

fl=(83)
fn=(414)
31 6
cfi=(44)
cfn=(218)
calls=1 +18 
* 2
* 3
+4 4
+4 8
-4 5
+32 4
+4 7
-4 3
+12 2
+1 1
+2 5
-2 1
cfi=(84) /build/buildd/eglibc-2.12.1/nptl/../nptl/sysdeps/unix/sysv/linux/unregister-atfork.c
cfn=(416) __unregister_atfork
calls=1 -51 
* 20

fl=(78)
fn=(362)
41 100
+2 100
+2 100
+2 100
+3 100
+2 100
+2 100
+1 100
+8 100
+1 100
+1 100
+1 200
+4 100
+1 100
+1 100
+1 100
+1 100
+1 100
+2 100
+1 100
-8 110
+1 110
+1 110
+1 110
+1 110
+1 110
+2 110
+1 110
+1 100
+2 100
+3 100
+3 100
+3 100
+5 100

fl=(74)
fn=(352)
21 60
+2 80
+4 20
-3 80
+1 140
+2 20

fl=(81)
fn=(382) __run_exit_handlers
37 8
cfi=(44)
cfn=(218)
calls=1 +12 
* 2
* 5
+5 3
+36 3
-32 1
+32 1
-32 1
+32 3
-32 1
+32 1
-32 1
+4 1
-1 2
+1 4
+33 2
+1 1
-1 1
+1 1
+6 2
+1 7
cfi=(62)
cfn=(426)
calls=1 1007 
* 349
* 4
+2 2
cfi=(85)
cfn=(436)
calls=1 -68 
* 3
-19 3
+4 2
-2 2
+2 2
cob=(1)
cfi=(82)
cfn=(384)
calls=1 +43 
* 1443
* 1

fn=(380)
100 4
cfi=(44)
cfn=(218)
calls=1 -51 
* 2
* 8
cfn=(382)
calls=1 -63 
* 1862

fl=(69)
fn=(342)
210 40
+35 20
-35 120
cfi=(44)
cfn=(218)
calls=20 49 
* 40
* 140
+35 20
-35 40
+35 60
1288 40
+4 120
+4 40
+7 40
209 40
fi=(71) /build/buildd/eglibc-2.12.1/stdio-common/printf-parse.h
99 80
cfi=(70)
cfn=(344)
calls=20 -61 
* 440
fe=(69)
1329 20
fi=(71)
99 20
fe=(69)
1329 60
+4 240
cfi=(61)
cfn=(300) _IO_file_xsputn@@GLIBC_2.1
calls=20 -37 
* 420
* 40
1996 160
+1 60
+3 180
1329 140
+1 320
+3 40
+4 80
1948 20
1337 20
1948 20
1337 140
1948 20
1383 640
1996 120
1632 60
+8 60
fi=(71)
99 60
cfi=(70)
cfn=(344)
calls=20 -61 
* 480
fe=(69)
1644 40
fi=(71)
99 20
fe=(69)
1644 60
fi=(71)
99 20
fe=(69)
1644 220
cfi=(61)
cfn=(300)
calls=20 1296 
* 1580
* 140
+2 20
-2 20
+2 40
fi=(71)
75 40
+2 60
-2 20
+2 80
fe=(69)
1495 40
+7 40
+18 20
-27 20
+27 20
+3 200
1383 20
1613 900
cfi=(72)
cfn=(348)
calls=20 163 
* 27396
* 80
+1 120
-88 20
+1 80
+15 60
-30 20
+30 20
fi=(71)
77 140
fe=(69)
1543 80
+3 100
+12 40
+12 220
1288 160
+9 120
-1 80
1613 140

fl=(84)
fn=(416)
29 6
cfi=(44)
cfn=(218)
calls=1 +20 
* 2
* 3
+8 1
+3 2
+82 6

fl=(48)
fn=(226)
78 5
cfi=(44)
cfn=(218)
calls=1 -29 
* 2
* 2
+1 3
+13 5

fl=(57)
fn=(260)
57 4
cfi=(44)
cfn=(218)
calls=1 -8 
* 2
* 2
+1 9
cfn=(262) __internal_atexit
calls=1 -24 
* 85
+1 4

fn=(264) __new_exitfn
73 1
+6 1
-6 1
+6 1
-6 5
cfi=(44)
cfn=(218)
calls=1 -24 
* 2
* 1
+6 4
+2 6
+2 3
-2 1
+10 1
-10 3
+46 2
-1 1
+4 4
+3 7
-35 3
+14 1
+1 1
-1 1
+1 2
-32 2

fn=(262)
34 4
+1 1
-1 1
cfi=(44)
cfn=(218)
calls=1 +15 
* 2
* 3
+1 2
cfn=(264)
calls=1 +38 
* 54
+2 3
+4 2
+2 1
+1 2
+1 2
+2 2
+2 6

fl=(60)
fn=(298)
47 22
+2 22
+2 22
+2 22
+1 22
+2 1
+1 1
+2 1
+1 1
+2 1
+2 1
+1 1
+2 1
+2 22
+1 22
+2 22
+1 22
+26 22
+1 22
+2 22
+1 22
+2 22
+1 22
+2 22
+2 22
+2 22
+3 2
+1 2
+2 2
+1 2
+2 2
+1 2
+2 1
+2 1
+2 1
+3 1
+1 1
+2 1
+1 1
+2 1
+1 1
+2 1
+2 1
+2 1
+19 22
+1 22
+2 22
+1 22
+2 1
+1 1
+2 1
+11 22
+4 22

fl=(44)
fn=(218)
49 465
+1 465

fl=(65) /build/buildd/eglibc-2.12.1/misc/../sysdeps/unix/sysv/linux/i386/mmap.S
fn=(314) mmap
35 1
+2 1
+2 1
+2 1
+3 1
+2 1
+1 1
+1 1
+2 1
+2 1
+2 1
+1 1
+1 1
+1 1
+2 1
+3 1
cob=(1)
cfi=(1)
cfn=(312)
calls=1 -62 
* 2
+3 1
+3 1
+3 1
+3 1
+24 1
+1 1
+4 1

fl=(73)
fn=(350)
31 60
+2 80
+5 20
-3 180
+3 20

fl=(45)
fn=(220)
31 7
cfi=(44)
cfn=(218)
calls=1 +18 
* 2
* 2
+1 5
+2 3
cfi=(46)
cfn=(222)
calls=1 +3 
* 80
+1 2
+3 3
+1 3
+2 6

fl=(80)
fn=(370)
29 10
cfi=(44)
cfn=(218)
calls=2 +20 
* 4
* 46
+1 6
fi=(67) /build/buildd/eglibc-2.12.1/libio/libioP.h
984 4
+1 22
fe=(80)
33 14
-3 8
cfi=(62)
cfn=(322)
calls=2 244 
* 402
* 4

fl=(76)
fn=(356)
35 22
+2 22
+2 22
+3 22
+2 22
+2 22
+1 22
+7 22
+2 22
+3 22
+1 22
+1 22
+1 22
+1 22
+2 22
+1 22
+1 4
+3 2
+1 2
+1 2
+1 2
+1 2
+1 2
+1 2
+1 2
+1 2
-4 20
+1 20
+1 20
+1 20
+1 20
+2 22
+1 22
+2 22
+3 22
+3 22
+3 22
+5 22

fl=(49)
fn=(232) handle_intel
256 18
+1 12
+13 6
+1 9
+8 15
+5 3
-5 9
+5 3
+7 18
cfn=(234) intel_check_word
calls=3 163 
* 2961
+1 6
+3 18
cfn=(234)
calls=3 163 
* 2184
+1 6
+3 15
cfn=(234)
calls=3 163 
* 66
+1 6
+3 15
cfn=(234)
calls=3 163 
* 1973
+1 6
-31 3
+35 8
+5 15
-27 3
+1 3
-1 6

fn=(238)
145 392
+7 1176
+3 378
+1 392

fn=(228)
493 5
cfi=(44)
cfn=(218)
calls=1 49 
* 2
* 3
+13 3
679 6
507 1
cfi=(50) /build/buildd/eglibc-2.12.1/csu/../sysdeps/x86_64/multiarch/init-arch.c
cfn=(230) __init_cpu_features
calls=1 45 
* 58
* 1
+6 2
+2 3
cfn=(232)
calls=1 256 
* 2660
+4 1
-4 1
+4 2
cfn=(232)
calls=1 256 
* 2675
+2 2
-2 1
+2 1
+11 2
+18 5
+7 10
+6 2
-6 12
+6 4
+3 15
+2 2
+6 7
+11 2
+27 2
+56 3
+2 3
+1 2
+3 2
+2 3
+1 2
-64 5
-88 3
cfn=(232)
calls=1 256 
* 2052
* 3

fn=(234)
163 96
cfi=(44)
cfn=(218)
calls=12 49 
* 24
* 12
+1 12
-1 12
+1 12
+8 12
-2 45
+52 9
-52 9
+52 18
-52 9
+52 18
-52 9
+52 18
-36 66
+9 2
-1 1
+27 1
+1 9
cfi=(51)
cfn=(236)
calls=1 27 
* 186
-1 29
+1 261
cfi=(51)
cfn=(236)
calls=29 27 
* 5914
+2 60
+2 28
+14 10
+6 28
-74 56
+2 60
+2 60
-4 10
+79 60
-10 6
-13 4
+2 4
+2 2
+19 12

fl=(58)
fn=(286)
36 1
+1 1
+4 1
+1 1
+1 1
+1 1
+2 2
+2 1
+1 1
+2 2
+2 1
+2 1
+2 1
+1 1

fl=(59)
fn=(296)
35 8
+2 2
-2 2
cfi=(44)
cfn=(218)
calls=2 +14 
* 4
* 6
+2 4
cfi=(60)
cfn=(298)
calls=2 +10 
* 83
+1 6
-1 2
+1 38
+3 2
-1 4
+3 14
cfi=(61)
cfn=(300)
calls=2 1296 
* 1046
-3 4
fi=(67)
984 6
+1 22
fe=(59)
48 14
-5 4
-3 4
+4 8
-3 13
-1 9
+3 6
cfi=(62)
cfn=(322)
calls=2 244 
* 402
-3 6

fl=(61)
fn=(308) _IO_file_stat
1233 3
+2 7
cfi=(64) /build/buildd/eglibc-2.12.1/io/../sysdeps/unix/sysv/linux/fxstat64.c
cfn=(310) __fxstat64@@GLIBC_2.2
calls=1 46 
* 20
+4 2

fn=(430)
453 3
+1 1
-1 2
cfi=(44)
cfn=(218)
calls=1 49 
* 2
* 3
+1 5
cfi=(62)
cfn=(432)
calls=1 562 
* 95
* 2
+4 1
-1 3
+2 3
+3 6

fn=(324) new_do_write
513 28
+2 4
-2 8
cfi=(44)
cfn=(218)
calls=4 49 
* 8
* 4
+2 8
+15 28
cfn=(326) _IO_file_write@@GLIBC_2.1
calls=4 1269 
* 212
* 4
+1 12
+5 4
-2 4
+2 4
-2 12
+1 8
+1 8
+4 28
-18 16
+9 8
+6 8

fn=(434)
899 7
cfi=(44)
cfn=(218)
calls=1 49 
* 2
* 1
+5 4
+2 1
+1 2
+17 3
+4 5

fn=(300)
1296 42
+6 42
-6 294
cfi=(44)
cfn=(218)
calls=42 49 
* 84
* 84
+6 84
+7 22
-12 22
+12 88
+17 6
+32 6
cfn=(302)
calls=1 837 
* 254
* 2
+7 3
+1 7
+2 3
+11 3
+1 7
cfi=(62)
cfn=(320)
calls=1 452 
* 575
* 2
-50 42
+12 21
-8 105
+15 63
-1 42
+1 21
-1 14
+2 63
-2 21
+2 21
-2 21
+2 21
+2 63
+2 84
+28 44
+1 252
-72 21
+1 21
-1 21
+1 21
-1 21
+1 42
+3 84
+2 147
-2 56
+2 21
+13 63

fn=(302)
837 1026
cfi=(44)
cfn=(218)
calls=114 49 
* 228
* 114
+1 342
+7 680
+35 228
+3 226
+3 113
+1 113
-1 226
+1 452
+5 113
+1 684
-45 3
+12 3
+9 2
+4 1
+3 1
-5 1
+1 1
+4 1
-3 1
+1 3
+3 5
+1 2
+4 1
-1 5
cfn=(318) _IO_do_write@@GLIBC_2.1
calls=1 501 
* 12
* 1
+6 12
+3 4
-1 24
cfn=(318)
calls=4 501 
* 496
* 12
-39 3
cfi=(62)
cfn=(304)
calls=1 419 
* 176
+1 7

fn=(326)
1269 4
+2 4
-2 16
+2 4
-2 8
+2 8
+11 4
-11 8
+2 8
+3 24
cfi=(66)
cfn=(328)
calls=4 82 
* 56
* 4
+1 8
+9 24
+3 20
-6 12

fn=(318)
501 25
+1 15
+2 20
-1 16
cfn=(324)
calls=4 +10 
* 416
* 4
-1 12

fl=(50)
fn=(230)
45 1
+8 1
-8 4
cfi=(44)
cfn=(218)
calls=1 +4 
* 2
* 2
+8 3
+3 1
-11 1
+8 1
+3 3
+43 1
+1 1
+2 1
+1 6
-47 2
-24 6
+6 2
-6 1
+7 1
-1 1
-6 1
+32 1
-25 1
+25 1
-25 1
+25 1
+1 1
-33 1
+33 1
+5 2
-31 2
+33 1
+1 3

fl=(63)
fn=(306)
88 8
cfi=(44)
cfn=(218)
calls=1 -39 
* 2
* 1
+15 9
cfi=(61)
cfn=(308)
calls=1 1233 
* 32
* 2
+2 4
+12 3
+3 7
cfi=(65)
cfn=(314)
calls=1 -85 
* 25
* 3
+1 6
cfi=(62)
cfn=(316)
calls=1 404 
* 26
* 1
+2 7
-13 2
-2 8
+8 1
-3 1
+3 2

fl=(64)
fn=(310)
46 2
+3 1
-3 1
+3 1
-3 1
cfi=(44)
cfn=(218)
calls=1 +3 
* 2
* 1
+3 3
cob=(1)
cfi=(1)
cfn=(312)
calls=1 -49 
* 2
* 3
+33 3

totals: 161006
