version: 1
creator: callgrind-3.10.1
pid: 6179
cmd:  ./primero
part: 1


desc: I1 cache: 
desc: D1 cache: 
desc: LL cache: 

desc: Timerange: Basic block 0 - 725234
desc: Trigger: Program termination

positions: line
events: Ir
summary: 3459678


ob=(2) ???
fl=(16) ???
fn=(314) 0x080485a4
0 3
cob=(6) /home/pie/juanc/develop/git/ipol/curso_c/ejemplos_clase/herramientas/callgrind/primero
cfi=(67) ???
cfn=(312) __x86.get_pc_thunk.bx
calls=1 0 
0 2
0 7

fn=(520) 0x0406d70c
0 3
cob=(4) /lib/i386-linux-gnu/libm-2.19.so
cfi=(50) /build/eglibc-617sU_/eglibc-2.19/csu/../sysdeps/i386/crti.S
cfn=(196) __x86.get_pc_thunk.bx
calls=1 66 
0 2
0 4

fn=(494) 0x0402460c
0 3
cob=(5) /usr/lib/valgrind/vgpreload_core-x86-linux.so
cfi=(57) ???
cfn=(238) 0x000003e0
calls=1 0 
0 2
0 4

fn=(236) 0x04024370
0 3
cob=(5)
cfi=(57)
cfn=(238)
calls=1 0 
0 2
0 7

fn=(462) 0x08048934
0 3
cob=(6)
cfi=(67)
cfn=(312)
calls=1 0 
0 2
0 4

fn=(276) 0x0403f4a4
0 3
cob=(4)
cfi=(50)
cfn=(196)
calls=1 66 
0 2
0 7

ob=(1) /lib/i386-linux-gnu/ld-2.19.so
fl=(3) /build/eglibc-617sU_/eglibc-2.19/elf/../sysdeps/i386/dl-tlsdesc.S
fn=(4) 0x000187a8
130 1276

fl=(48) /build/eglibc-617sU_/eglibc-2.19/misc/../sysdeps/unix/syscall-template.S
fn=(190) mprotect
81 45
+1 5

fn=(224) munmap
81 8
+1 1

fl=(23) /build/eglibc-617sU_/eglibc-2.19/elf/dl-hwcaps.c
fn=(66) _dl_important_hwcaps
39 7
cfi=(3)
cfn=(4)
calls=1 +91 
* 2
* 5
+2 5
+1 1
-1 1
+1 1
+9 1
-9 3
+9 8
+1 7
-1 1
+1 1
+1 1
-2 1
+2 1
-2 6
+1 182
-1 26
+1 26
+1 26
-2 26
+2 26
-2 480
+10 4
+31 2
+23 5
cfi=(24) /build/eglibc-617sU_/eglibc-2.19/io/../sysdeps/unix/syscall-template.S
cfn=(68) access
calls=1 -34 
* 16
* 3
-2 3
+17 5
+3 1
-3 1
+3 1
+29 3
+3 2
-3 1
+3 4
-2 270
+2 16
+1 4
cfi=(11) /build/eglibc-617sU_/eglibc-2.19/string/../sysdeps/i386/i686/multiarch/../../i586/strlen.S
cfn=(22) strlen
calls=2 43 
* 50
+1 2
-1 4
+1 10
+1 2
-1 12
-5 112
+8 2
+2 3
+1 6
+4 1
+4 1
-4 2
+1 1
+3 1
+3 1
+1 1
-1 1
+4 2
+1 1
-1 6
+1 1
+2 1
+1 6
+1 2
-1 3
+1 2
-1 3
+2 2
+1 2
+2 2
-1 1
+1 1
-1 2
+5 4
+6 6
+1 3
-1 1
+1 1
cfi=(17) /build/eglibc-617sU_/eglibc-2.19/elf/dl-minimal.c
cfn=(40) malloc
calls=1 93 
* 49
* 1
+1 1
-1 1
+1 1
+29 3
+3 1
-3 2
+3 2
+7 12
+6 1
-3 1
+3 1
-3 1
+3 4
cfi=(25) /build/eglibc-617sU_/eglibc-2.19/string/../sysdeps/i386/i686/multiarch/../mempcpy.S
cfn=(72) mempcpy
calls=1 40 
* 16
* 3
-3 3
+3 3
-3 3
+3 12
cfi=(25)
cfn=(72)
calls=3 40 
* 48
+3 4
-3 4
+3 4
-3 8
+3 20
+1 40
+1 36
cfi=(25)
cfn=(72)
calls=4 40 
* 60
* 12
-2 4
+2 4
-2 4
+5 32
cfi=(25)
cfn=(72)
calls=4 40 
* 60
+2 4
-2 8
+2 8
+5 10
+1 2
-1 2
+1 30
-1 33
+8 1
-3 3
+3 1
-3 1
+3 6
-3 9
+3 3
-3 3
+3 13
+1 96
+1 32
-1 32
+1 64
-2 32
+1 64
-1 96
+4 8
+3 1
+2 2
-2 1
+1 1
+1 1
-1 1
+1 2
-1 1
+1 2
+3 3
+3 3
-3 6
-3 6
+2 30
+3 3
+1 3
-1 3
-5 15
+13 1
+1 1
-1 2
+3 2
-3 7
+1 7
-1 14
+3 14
+3 4
+3 1
-1 1
+1 5
145 2
-14 2

fl=(14) /build/eglibc-617sU_/eglibc-2.19/string/../sysdeps/i386/i686/multiarch/../memcmp.S
fn=(30) bcmp
46 16
+2 16
+1 16
+1 16
+2 16
+1 16
+18 16
+2 16
+2 16
+2 16
+1 32
cfi=(3)
cfn=(4)
calls=16 +52 
* 32
* 32
+3 16
+1 16
+1 16
+14 1
+1 1
+1 1
+1 1
+2 6
+1 6
+1 6
+1 6
+2 7
+1 7
+1 7
+1 7
+2 7
+1 7
+1 7
+1 7
+2 7
+1 7
+1 7
+1 7
+2 7
+3 7
+1 14
256 1
+1 1
+1 1
+1 1
+2 6
+1 6
+1 6
+1 6
+2 5
+1 5
+1 5
+1 5
+1 5
+1 5
+1 5
+1 5
+1 5
+1 5
+3 5
+1 10
+70 4
+1 4
+11 4
+1 4
+1 4
+3 8

fl=(19) /build/eglibc-617sU_/eglibc-2.19/string/../sysdeps/i386/i686/multiarch/../strcmp.S
fn=(54) strcmp
30 336
+1 336
+2 336
+1 336
+1 336
-2 1425
+1 1425
+1 1425
+1 1564
+1 1564
+1 1564
+1 1564
+2 139
+3 139
+2 197
+1 197
+1 197
+2 197

fl=(38) /build/eglibc-617sU_/eglibc-2.19/elf/dl-tls.c
fn=(158) allocate_dtv
288 5
cfi=(3)
cfn=(4)
calls=1 130 
* 2
* 2
+8 1
-1 2
+1 3
cfi=(17)
cfn=(36) calloc
calls=1 102 
* 73
* 1
+1 2
+9 1
-6 1
+6 1
+6 6

fn=(154) _dl_determine_tlsoffset
112 5
cfi=(3)
cfn=(4)
calls=1 +18 
* 2
* 2
+6 3
+3 3
+36 1
-34 2
+34 2
+2 4
-2 1
-2 1
-40 1
-1 1
-1 2
+44 6
+5 1
-1 1
+5 1
-4 1
-1 2
+3 1
-3 1
+7 1
-4 3
+2 6
+16 5
+2 1
-2 1
+2 1
+1 1
-1 2
+10 1
-12 2
+15 9
+1 1
+51 2
+1 6

fn=(156) _dl_allocate_tls_storage
328 5
cfi=(3)
cfn=(4)
calls=1 130 
* 2
* 2
+2 1
+11 4
cfi=(17)
cfn=(44) __libc_memalign
calls=1 51 
* 74
* 1
+1 1
-1 1
+1 1
+7 1
+4 318
+11 2
cfn=(158)
calls=1 -76 
* 100
+1 2
+5 6

fn=(140) _dl_next_tls_modid
50 5
cfi=(3)
cfn=(4)
calls=1 +80 
* 2
* 2
+3 3
+48 2
+4 6

fn=(192) _dl_add_to_slotinfo
831 6
cfi=(3)
cfn=(4)
calls=1 130 
* 2
* 2
+6 2
+3 2
+5 3
+41 3
+1 3
+1 6

fn=(218) _dl_allocate_tls_init
376 6
cfi=(3)
cfn=(4)
calls=1 130 
* 2
* 1
+1 1
-1 1
+1 1
+4 2
+3 1
-1 1
-2 1
+8 3
+5 8
+6 6
+22 2
+1 5
+2 2
+1 3
+8 3
+1 1
+1 5
cfi=(25)
cfn=(72)
calls=1 40 
* 16
* 6
cfi=(33) /build/eglibc-617sU_/eglibc-2.19/string/../sysdeps/i386/i686/multiarch/../memset.S
cfn=(118) memset
calls=1 48 
* 36
-42 7
+6 2
+3 1
+1 2
+6 5
+3 2
-1 2
+38 3
+2 1
+1 6

fn=(446) ___tls_get_addr
769 3
cfi=(3)
cfn=(4)
calls=1 130 
* 2
* 1
+1 1
+2 3
+3 2
+2 2
+3 2
+1 3

fl=(10) /build/eglibc-617sU_/eglibc-2.19/elf/../sysdeps/unix/sysv/linux/i386/brk.c
fn=(18) brk
33 3
cfi=(3)
cfn=(4)
calls=1 +97 
* 2
* 1
+4 5
+2 1
+8 1
-6 2
+7 2

fl=(8) /build/eglibc-617sU_/eglibc-2.19/elf/../elf/dl-sysdep.c
fn=(14) _dl_sysdep_start
86 7
cfi=(3)
cfn=(4)
calls=1 +44 
* 2
* 1
+25 1
-1 1
+1 294
+6 1
-3 1
-3 1
+3 1
+3 1
-2 1
+2 5
-10 1
-20 20
+1 2
+30 108
-1 84
+95 18
fi=(9) /build/eglibc-617sU_/eglibc-2.19/elf/../sysdeps/unix/sysv/linux/dl-sysdep.c
35 2
cfi=(10)
cfn=(18)
calls=1 -2 
* 17
fi=(6) /build/eglibc-617sU_/eglibc-2.19/elf/../sysdeps/i386/dl-machine.h
264 5
fe=(8)
-30 2
cfi=(12) /build/eglibc-617sU_/eglibc-2.19/elf/../misc/sbrk.c
cfn=(24) sbrk
calls=1 34 
* 23
* 3
+12 3
+3 7
cfi=(2) /build/eglibc-617sU_/eglibc-2.19/elf/rtld.c
cfn=(26) dl_main
calls=1 891 
* 128156
+1 1
+1 6
-72 2
+1 1
-29 2
+1 1
+11 2
+1 1
-7 4
+1 1
-4 1
+1 1
-25 2
+1 1
-4 2
+1 1
-7 1
+1 1
+2 1
+1 1
232 2
cfi=(11)
cfn=(22)
calls=1 43 
* 32
* 2

fn=(220) _dl_sysdep_start_cleanup
256 1

fl=(31) /build/eglibc-617sU_/eglibc-2.19/elf/dl-misc.c
fn=(106) _dl_name_match_p
288 552
cfi=(3)
cfn=(4)
calls=92 130 
* 184
* 184
+1 368
cfi=(19)
cfn=(54)
calls=92 30 
* 835
* 184
+3 92
+2 184
+4 92
-4 184
+1 400
cfi=(19)
cfn=(54)
calls=100 30 
* 1917
* 200
+6 8
-11 8
+11 116
-1 84
+1 336

fn=(134) _dl_sysdep_read_whole_file
45 7
cfi=(3)
cfn=(4)
calls=1 +85 
* 2
* 2
+7 3
cfi=(24)
cfn=(110) open
calls=1 +29 
* 10
+1 1
-1 1
+1 1
+2 5
cfi=(32) /build/eglibc-617sU_/eglibc-2.19/io/../sysdeps/unix/sysv/linux/fxstat64.c
cfn=(116) __fxstat64
calls=1 -22 
* 15
* 2
+2 1
+3 1
-3 1
+3 1
+13 2
cfi=(24)
cfn=(122) close
calls=1 +8 
* 8
+3 7
-14 7
cfi=(26) /build/eglibc-617sU_/eglibc-2.19/misc/../sysdeps/unix/sysv/linux/i386/mmap.S
cfn=(74) mmap
calls=1 -33 
* 23
* 2

fl=(7) /build/eglibc-617sU_/eglibc-2.19/elf/dl-lookup.c
fn=(174) check_match.9376
131 686
+1 98
+2 98
-3 98
cfi=(3)
cfn=(4)
calls=98 -1 
* 196
* 98
+1 98
+2 196
+2 294
-2 196
+12 294
+3 346
cfi=(19)
cfn=(54)
calls=25 30 
* 2179
* 50
+5 98
-1 98
+1 98
-1 98
+1 98
+2 190
+19 190
+1 665
+3 96
+43 588
-18 6
+2 6
+1 3
-1 3
+1 3
-1 3
+1 6
-1 6
+4 4
+1 10
-34 570
cfi=(19)
cfn=(54)
calls=95 30 
* 7282
* 285
+36 4

fn=(172) do_lookup_x
82 648
-5 216
+5 324
cfi=(3)
cfn=(4)
calls=108 +48 
* 216
* 216
-5 756
+11 108
+1 108
-1 108
229 324
114 432
-16 108
-3 108
+1 108
+2 216
+3 108
-3 108
+3 108
-3 337
-3 337
+1 337
+2 674
+3 337
-3 337
+3 337
+4 890
+4 890
+4 890
+6 1780
+4 445
225 445
123 445
226 445
123 445
+1 1335
226 445
+4 890
+3 890
-5 445
+5 1335
+4 890
-1 890
+1 445
-1 890
+21 349
+24 698
461 2955
+1 106
cfi=(31)
cfn=(106)
calls=53 288 
* 3001
* 159
+3 1041
+4 10
-1 10
+1 50
281 2
+2 4
+3 830
+17 294
+1 294
+1 98
469 588
290 39
-50 351
-1 234
+2 234
+2 112
+6 112
-6 112
+6 336
+4 396
-7 1140
+2 392
+1 98
-1 196
+1 294
cfn=(174)
calls=98 131 
* 15337
+1 200
+22 224

fn=(170) _dl_lookup_symbol_x
714 324
475 108
714 540
476 216
714 108
cfi=(3)
cfn=(4)
calls=108 130 
* 216
* 216
476 324
+1 108
-1 108
+1 324
-1 324
+1 1339
-1 1339
+1 4017
-1 4017
724 108
-4 108
-4 108
+8 108
-7 216
+7 298
+5 108
+2 108
-2 108
+2 108
-2 108
+6 108
-7 108
+7 108
-7 1080
+15 10
-8 40
+2 2268
cfn=(172)
calls=108 82 
* 52442
+3 216
+26 432
+22 196
+1 686
+26 98
+9 490
+14 294
+3 392
+5 196
+2 648
-80 80
+16 20
+1 20
+54 2

fn=(12) _dl_setup_hash
859 15
-3 25
+7 5
-7 5
cfi=(3)
cfn=(4)
calls=5 130 
* 10
* 5
+11 10
+2 5
-1 5
+3 15
+1 5
+1 10
+7 5
-5 5
-2 5
+3 5
+2 5
+1 5
+1 10
+14 30

fl=(13) /build/eglibc-617sU_/eglibc-2.19/elf/dl-environ.c
fn=(28) _dl_next_ld_env_entry
30 3
+3 9
+2 142
+11 69
-13 207
-2 1
+19 6
-14 38
+5 2
-3 2
+3 2
+2 2

fl=(27) /build/eglibc-617sU_/eglibc-2.19/string/../sysdeps/i386/i686/multiarch/../../i586/strchr.S
fn=(76) index
45 11
+2 11
+3 11
+2 11
+3 11
+1 11
+2 11
+2 11
+6 11
+1 11
+2 11
+1 11
+2 11
+1 11
+2 11
+2 7
+1 7
+2 7
+1 7
+2 7
+1 7
+2 7
+1 7
+2 7
+1 7
+2 7
+1 7
+2 7
+1 7
+2 7
+2 5
+2 5
+1 5
+2 5
+1 5
+2 5
+10 5
+1 5
+2 5
+1 5
+25 5
+1 5
+2 5
+1 5
-33 6
+1 6
+2 6
+1 6
+25 6
+1 6
+2 6
+1 6
-4 2
+1 2
+2 2
+1 2
+2 13
+1 13
+2 13
+1 13
+2 13
+1 13
+2 13
+1 13
+2 13
+1 13
+2 13
+1 13
+2 13
+1 13
+2 13
+1 13
+2 12
+1 12
+2 12
+1 12
+2 12
+1 12
+2 12
+1 12
+2 8
+1 8
+2 8
+1 8
+2 8
+1 8
+2 8
+1 8
+2 8
+1 8
+2 8
+1 8
+2 8
+1 8
+2 8
+1 8
+2 7
+1 7
+2 7
+1 7
+2 5
+1 5
+2 5
+1 5
+2 5
+1 5
+2 5
+1 5
+2 5
+1 5
+2 5
+1 5
+2 5
+1 5
+2 5
+1 5
+2 3
+1 3
+2 3
+1 3
+2 2
+1 2
+2 2
+1 2
+2 2
+1 2
+2 2
+1 2
+2 2
+1 2
+2 2
+2 2
+4 1
+1 1
+2 1
+15 11
+3 11
+4 11
+3 11
+4 11
+9 10
+1 10
+2 10
+2 10
+1 10
+2 9
+2 9
+1 9
+2 9
+1 9
+2 7
+1 7
+2 7
+1 7
+2 7
+1 7
+2 1
+3 1
+1 1
+2 10
+1 10

fl=(17)
fn=(40)
93 78
cfi=(3)
cfn=(4)
calls=26 +37 
* 52
* 26
+1 104
cfn=(44)
calls=26 -43 
* 994
* 26
+1 78

fn=(36)
102 70
cfi=(3)
cfn=(4)
calls=10 +28 
* 20
* 10
+7 10
-3 10
+3 10
-3 10
+3 20
+4 20
cfn=(40)
calls=10 -20 
* 535
* 10
+1 50

fn=(80) strsep
335 28
cfi=(3)
cfn=(4)
calls=4 130 
* 8
* 4
+3 16
+2 8
+1 4
-1 4
+1 4
+4 187
+7 472
-2 236
+10 59
-15 179
+18 4
+4 28

fn=(44)
51 108
cfi=(3)
cfn=(4)
calls=27 +79 
* 54
* 108
+1 107
+11 26
+1 26
-1 26
+3 52
-3 26
+3 26
-3 1
+1 1
-1 1
+3 2
-3 1
+3 97
+4 12
+1 9
+6 21
cfi=(26)
cfn=(74)
calls=3 -48 
* 69
+2 15
+4 9
+3 3
+1 3
+2 18
-3 24
+1 24
+2 192
-31 3
+1 1
-2 3

fn=(88) free
119 3
cfi=(3)
cfn=(4)
calls=1 +11 
* 2
* 3
+2 2
+7 4

fl=(56) /build/eglibc-617sU_/eglibc-2.19/elf/dl-init.c
fn=(234) call_init.part.0
34 35
+8 5
+3 5
-11 5
cfi=(3)
cfn=(4)
calls=5 +96 
* 10
* 5
+8 10
+3 15
+5 12
+5 6
+8 6
+1 24
cob=(2)
cfi=(16)
cfn=(276)
calls=1 -64 
* 12
cob=(3) /lib/i386-linux-gnu/libc-2.19.so
cfi=(58) /build/eglibc-617sU_/eglibc-2.19/csu/init-first.c
cfn=(256) _init
calls=1 -12 
* 166
cob=(2)
cfi=(16)
cfn=(236)
calls=1 -64 
* 12
+3 3
+1 6
+6 3
+2 6
-2 6
+3 3
-3 3
+3 9
+1 18
cob=(4)
cfi=(66) ???
cfn=(282) 0x00004960
calls=1 -78 
* 36
cob=(3)
cfi=(62) /build/eglibc-617sU_/eglibc-2.19/libio/oldstdfiles.c
cfn=(264) _IO_check_libio
calls=1 -1 
* 12
cob=(5)
cfi=(57)
cfn=(244) 0x000004d0
calls=1 -78 
* 36
* 12
cob=(3)
cfi=(65) /build/eglibc-617sU_/eglibc-2.19/elf/dl-altinit.c
cfn=(274) dlinit_alt
calls=1 -37 
* 11
cob=(3)
cfi=(63) /build/eglibc-617sU_/eglibc-2.19/string/../sysdeps/x86_64/cacheinfo.c
cfn=(266) init_cacheinfo
calls=1 550 
* 3428
-1 15
+3 24
-29 3
+29 6
-34 3

fn=(232) _dl_init
86 6
cfi=(3)
cfn=(4)
calls=1 +44 
* 2
* 2
+1 1
-1 1
+2 1
-2 1
+5 3
+7 2
+26 2
+1 23
+1 10
-90 34
cfn=(234)
calls=4 -2 
* 3862
* 4
+96 6
-96 8
cfn=(234)
calls=1 -2 
* 109
* 1
+58 2

fl=(34) /build/eglibc-617sU_/eglibc-2.19/elf/dl-deps.c
fn=(126) openaux
60 30
+7 5
-3 5
-1 5
+1 5
-1 55
cfi=(22) /build/eglibc-617sU_/eglibc-2.19/elf/dl-load.c
cfn=(104) _dl_map_object
calls=5 2317 
* 13480
* 10
+5 25

fn=(124) _dl_map_object_deps
147 8
+1 5
-1 1
+14 1
-13 3
+14 2
+6 1
-21 1
cfi=(3)
cfn=(4)
calls=1 -17 
* 2
* 1
+13 1
+1 1
+7 2
+10 1
-30 1
+20 1
+10 5
+1 3
-19 1
+2 2
+6 1
-7 1
+7 3
+10 2
-10 1
+10 4
-16 3
+20 3
+19 1
+2 1
+1 2
-3 1
343 1
189 1
-1 1
343 1
213 1
-4 1
+4 1
+4 4
-4 4
-4 4
+4 4
+4 16
+12 20
+2 6
+6 3
-6 6
+5 3
+1 3
+1 6
+1 6
+3 15
-32 3
+32 6
+50 15
+1 12
-51 312
+1 156
+6 25
cfi=(27)
cfn=(76)
calls=5 45 
* 481
* 10
+2 5
+3 40
cfi=(29) /build/eglibc-617sU_/eglibc-2.19/elf/dl-error.c
cfn=(96) _dl_catch_error
calls=5 -91 
* 13935
+2 5
-2 5
+2 10
+15 5
+2 10
+11 3
-6 6
+10 3
-10 3
+3 3
+1 3
+1 3
+5 3
-4 3
+2 3
+2 9
-2 9
-57 12
-19 2
471 15
+2 9
+3 3
-1 6
cfi=(17)
cfn=(40)
calls=3 93 
* 147
* 3
+2 3
-2 3
+2 3
+3 3
+1 3
-1 3
+1 21
cfi=(18) /build/eglibc-617sU_/eglibc-2.19/string/../sysdeps/i386/i686/multiarch/../memcpy.S
cfn=(46) memcpy
calls=3 40 
* 84
+1 18
cfi=(18)
cfn=(46)
calls=3 40 
* 84
+3 3
+1 3
-1 3
+5 30
+3 12
-1 5
+1 10
202 22
+15 15
+1 25
+2 3
+2 9
+2 30
497 6
+1 2
+3 5
+11 2
-1 2
cfi=(17)
cfn=(40)
calls=1 93 
* 49
* 1
+3 1
-3 1
+3 1
+5 1
+3 1
-3 1
+3 1
-3 3
+1 1
+4 20
+4 20
-6 5
+10 5
-10 10
+13 3
+51 6
+2 4
+42 9
+1 4
cfi=(33)
cfn=(118)
calls=1 48 
* 23
* 4
-2 7
+6 2
+1 5
+6 1
-6 2
+6 2
-13 9
+6 6
+1 15
+6 3
-6 6
+6 15
+2 6
+1 6
-1 6
+1 9
+3 21
-1 30
+23 12
-28 12
+31 16
+3 30
cfi=(33)
cfn=(118)
calls=3 48 
* 73
* 12
-18 1
+25 3
+2 1
+1 1
+1 1
-2 1
+2 2
+7 3
+3 3
+3 6
295 219
623 9
cfi=(18)
cfn=(46)
calls=1 40 
* 31
+2 1
-38 1
+38 2

fl=(1) ???
fn=(228) 0x000010c0
0 2

fn=(0) 0x000010d0
0 2
cfi=(2)
cfn=(2) _dl_start
calls=1 362 
0 129643
0 2
cfn=(228)
calls=1 0 
0 2
0 17
cfi=(56)
cfn=(232)
calls=1 86 
0 4080
0 3
cob=(6)
cfi=(67)
cfn=(296) 0x08048630
calls=1 0 
0 3325929

fn=(390) _dl_sysinfo_int80
0 2004

fl=(22)
fn=(78) fillin_rpath
486 6
cfi=(3)
cfn=(4)
calls=1 130 
* 2
* 6
+2 3
+3 5
cfi=(17)
cfn=(80)
calls=1 335 
* 300
* 5
cfi=(17)
cfn=(80)
calls=1 335 
* 26
* 4
+4 4
cfn=(82) expand_dynamic_string_token
calls=1 -80 
* 288
+2 1
-2 1
+2 1
cfi=(11)
cfn=(22)
calls=1 43 
* 50
+7 2
-3 1
-4 1
+4 1
+7 6
+8 3
+7 20
+1 8
+57 2
cfi=(17)
cfn=(88)
calls=1 119 
* 14
* 1
* 3
-39 3
+4 3
+1 3
-1 1
+1 1
-2 2
cfi=(17)
cfn=(40)
calls=1 93 
* 49
* 1
+3 2
-3 1
+3 1
+5 1
-1 2
+2 5
cfi=(25)
cfn=(72)
calls=1 40 
* 19
+1 1
+2 1
-3 1
+1 1
+2 1
+6 4
+1 1
-1 1
+1 5
+1 1
-1 3
+1 15
-1 46
+4 1
-1 1
+1 1
-1 1
+1 1
+7 1
+4 1
-3 1
-1 1
+4 5
-71 2
+5 4
+29 2
+43 3
+3 6
-15 2

fn=(84) local_strdup
160 20
cfi=(3)
cfn=(4)
calls=4 -30 
* 8
* 8
+1 8
cfi=(11)
cfn=(22)
calls=4 43 
* 354
* 4
+1 8
cfi=(17)
cfn=(40)
calls=4 -69 
* 196
* 4
+2 8
+3 16
cfi=(18)
cfn=(46)
calls=4 40 
* 127
+1 20

fn=(114) _dl_map_object_from_fd
923 21
cfi=(3)
cfn=(4)
calls=3 130 
* 6
* 9
+11 3
-11 3
+11 6
cfi=(28) /build/eglibc-617sU_/eglibc-2.19/elf/dl-debug.c
cfn=(90) _dl_debug_initialize
calls=3 47 
* 45
* 3
+4 15
cfi=(32)
cfn=(116)
calls=3 33 
* 45
* 6
+11 21
+1 21
-1 27
+1 72
+17 9
+25 6
+10 6
+22 12
+32 6
935 3
1059 30
cfi=(15) /build/eglibc-617sU_/eglibc-2.19/elf/dl-object.c
cfn=(32) _dl_new_object
calls=3 61 
* 1659
* 3
+1 3
-1 3
+1 3
+11 9
+1 9
+1 6
+2 9
+1 3
-1 3
-2 3
+3 15
+1 9
+24 30
+8 15
+97 3
1103 3
-1 3
-10 3
1206 6
-96 45
-1 156
+1 160
+6 6
+1 9
+1 3
+3 4
+1 2
+5 42
+6 6
+1 6
-1 36
+8 24
+1 6
-1 12
+1 6
-1 6
+1 36
+1 18
+2 6
-2 6
+3 6
-2 6
+2 6
-2 6
+3 12
+4 6
-5 6
+1 6
+4 6
+1 18
+5 21
-16 6
+26 3
-10 21
-16 6
+26 3
+3 3
+4 1
+1 1
+1 1
-1 1
+1 1
+4 2
+3 2
+4 4
+6 1
cfi=(38)
cfn=(140)
calls=1 50 
* 20
* 1
+1 1
+60 6
+1 6
+1 3
-6 6
+1 3
-72 4
+80 18
+13 12
+2 3
-2 3
+2 3
+19 30
-5 3
+5 6
cfi=(26)
cfn=(74)
calls=3 29 
* 69
+4 3
-4 3
+4 3
+7 3
+1 3
-1 3
+1 3
+2 3
-3 3
+1 3
+2 3
+10 3
+2 6
+33 24
+1 9
+2 18
+8 30
+6 3
+1 3
-1 3
+1 3
+1 6
+1 6
-1 12
+8 6
+3 6
+11 24
cfi=(33)
cfn=(118)
calls=3 48 
* 156
+1 15
+5 6
+15 6
-74 36
+2 15
+2 39
cfi=(26)
cfn=(74)
calls=3 29 
* 69
* 6
+74 12
+9 6
fi=(4) /build/eglibc-617sU_/eglibc-2.19/elf/get-dynamic-info.h
38 3
fe=(22)
1427 6
fi=(4)
38 3
+6 3
-2 3
+2 6
+25 9
+20 13
+1 15
+1 15
+1 15
+2 9
+3 15
+2 15
+1 13
+1 15
+6 9
+7 9
+5 9
+4 9
+1 9
+12 9
+5 2
+2 2
-2 2
+2 2
+2 4
+2 4
+3 9
+2 1
+8 1
-8 1
+9 2
-1 1
+5 2
+3 9
fe=(22)
1433 6
+16 9
+19 6
+2 15
+55 9
+1 2
+3 3
cfi=(24)
cfn=(122)
calls=1 81 
* 8
* 6
cfi=(24)
cfn=(122)
calls=2 81 
* 16
* 6
+8 15
+3 9
+2 3
-2 3
+2 3
+16 6
cfi=(7)
cfn=(12)
calls=3 859 
* 111
+4 6
+1 9
+17 6
+1 1
+3 3
+1 1
-1 1
+1 2
+4 1
-4 1
+4 2
-5 6
+1 2
-1 2
+1 4
+4 2
-4 2
+4 4
+10 9
cfi=(15)
cfn=(48) _dl_add_to_namespace_list
calls=3 32 
* 171
+4 12
+20 18
fi=(4)
52 56
+10 14
-18 42
+8 57
+10 57
-18 171
+18 3
-18 9
+2 148
+5 68
+2 12
+3 12
+3 12
+2 9
fe=(22)
1356 7
+1 8
+1 4
-1 2
+3 5
+43 11
cfi=(26)
cfn=(74)
calls=1 29 
* 23
+3 2
1537 6
+1 4
fi=(4)
114 6
fe=(22)

fn=(108) open_verify
1873 120
cfi=(3)
cfn=(4)
calls=20 130 
* 40
* 120
+36 60
+21 80
cfi=(24)
cfn=(110)
calls=20 81 
* 319
+1 20
-1 20
+1 20
+11 6
+5 3
-6 3
+1 3
+5 27
cfi=(24)
cfn=(112) read
calls=3 81 
* 30
+2 6
+2 6
+2 3
-2 6
+2 3
+6 6
+16 21
cfi=(14)
cfn=(30)
calls=3 46 
* 93
* 6
+2 6
-2 6
+4 21
cfi=(14)
cfn=(30)
calls=3 46 
* 108
-4 6
+75 9
+5 6
+3 15
+5 6
+7 3
+1 6
-1 6
+1 9
+1 9
+15 117
+2 53
+4 18
+1 9
+13 6
+1 3
-1 3
+1 6
-2 3
+4 9
+5 2
+1 2
-13 10
cfi=(14)
cfn=(30)
calls=2 46 
* 78
* 15
cfi=(14)
cfn=(30)
calls=3 46 
* 102
* 14
+16 4
+5 2
-2 2
+1 2
+1 2
+1 6
+1 8
-4 2
+1 2
-1 2
+2 2
-1 6
-1 2
+4 4
+5 17
+23 114
2006 3
+81 7
+67 6

fn=(104)
2317 42
+7 6
-7 6
cfi=(3)
cfn=(4)
calls=6 130 
* 12
* 12
+7 12
+1 18
+3 48
+12 30
-12 45
+5 54
+1 36
+2 54
cfi=(31)
cfn=(106)
calls=18 288 
* 1363
* 39
2607 18
2362 6
+10 18
+26 6
-2 3
+2 3
cfi=(27)
cfn=(76)
calls=3 45 
* 229
* 6
2538 8
cfn=(82)
calls=1 415 
* 517
+1 1
-3 1
+3 2
+4 7
cfn=(108)
calls=1 1873 
* 318
+3 1
-3 1
+3 1
+12 12
+2 3
-2 3
+2 3
+44 6
+1 48
cfn=(114)
calls=3 923 
* 5186
+2 18
2402 4
cfi=(11)
cfn=(22)
calls=2 43 
* 96
* 2
+2 2
-2 2
+2 2
+7 12
+35 4
+1 38
cfn=(128) open_path
calls=2 2168 
* 3096
* 6
+6 14
+1 4
691 6
2530 4
-95 4
+21 2
+6 8
+2 6
+4 4
cfi=(36) /build/eglibc-617sU_/eglibc-2.19/elf/dl-cache.c
cfn=(132) _dl_load_cache_lookup
calls=2 182 
* 3390
+2 2
-2 2
+2 2
+4 8
+8 4
+22 26
cfn=(108)
calls=2 1873 
* 746
+3 6
+2 4
cfn=(84)
calls=2 160 
* 392
+1 4
-1 2
+1 2
-74 16
691 2
2437 2
691 4
2415 4
+1 2
-1 8
+5 6
691 2
2421 2
691 4
2341 45
+3 6
+1 12
+1 18
cfi=(19)
cfn=(54)
calls=6 30 
* 117
* 12

fn=(128)
2168 14
+1 2
-1 2
cfi=(3)
cfn=(4)
calls=2 130 
* 4
* 4
+1 2
+6 2
-6 2
+6 2
+5 6
-7 2
-1 2
+8 20
1633 6
2192 6
+7 14
cfi=(25)
cfn=(72)
calls=2 40 
* 38
* 2
+1 6
+14 2
-14 2
-13 2
+27 4
+6 32
-20 123
+3 64
+4 153
cfi=(25)
cfn=(72)
calls=17 40 
* 286
* 102
cfi=(25)
cfn=(72)
calls=17 40 
* 289
+3 34
+3 51
+3 170
cfn=(108)
calls=17 1873 
* 816
* 17
+2 51
+26 4
+2 2
-46 4
+85 12
+5 2
+2 2
-2 2
+2 8
+3 6
-13 2
+27 12
-84 48
+1 96
+6 96
+2 80
cfi=(35) /build/eglibc-617sU_/eglibc-2.19/io/../sysdeps/unix/sysv/linux/xstat64.c
cfn=(130) __xstat64
calls=16 33 
* 285
* 32
+1 4
+2 30
+7 32
-5 3

fn=(64) _dl_init_paths
714 7
cfi=(3)
cfn=(4)
calls=1 130 
* 2
* 2
+13 6
cfi=(23)
cfn=(66)
calls=1 39 
* 2618
* 1
+5 1
-5 1
+5 1
cfi=(17)
cfn=(40)
calls=1 93 
* 49
* 1
+1 1
-1 1
-1 1
+2 1
+8 1
-1 1
+1 2
-1 2
+5 4
cfi=(17)
cfn=(40)
calls=1 93 
* 88
* 1
-1 1
+3 1
-3 1
+3 2
+15 1
+14 4
-7 1
-7 2
+2 3
+3 7
+2 1
-16 1
+1 1
+11 1
+4 1
-1 1
+1 1
+4 24
+1 4
-1 12
+1 60
-1 184
+3 12
-14 3
+2 3
+12 3
-14 6
+2 3
+4 3
-3 3
+2 6
+1 6
+1 15
+3 9
-10 6
+7 6
+18 1
-11 1
+7 2
-1 1
+6 1
-5 1
+5 1
+2 4
+2 3
+38 4
+8 3
cfi=(27)
cfn=(76)
calls=1 45 
* 114
* 2
+2 2
cfi=(11)
cfn=(22)
calls=1 43 
* 55
* 10
cfi=(18)
cfn=(46)
calls=1 40 
* 25
* 1
+17 3
-1 3
+3 1
+1 2
+1 1
-4 3
+2 13
+1 26
+1 13
-4 40
+8 2
cfi=(17)
cfn=(40)
calls=1 93 
* 49
* 1
+1 1
-2 1
+2 1
+6 11
cfn=(78)
calls=1 486 
* 972
+4 4
+6 1
+4 6
-75 1
-2 1
+2 2
+14 2

fn=(70) 0x000187a4
1512 56

fn=(82)
415 14
cfi=(3)
cfn=(4)
calls=2 130 
* 4
* 6
+10 4
-10 2
+10 2
cfi=(27)
cfn=(76)
calls=2 45 
* 366
* 4
+15 2
-11 2
+11 8
-11 2
cfn=(84)
calls=2 160 
* 389

fl=(11)
fn=(22)
43 19
+1 19
+2 19
+2 19
+1 10
+2 10
+1 10
+2 9
+1 9
+2 9
+2 9
+1 9
+2 9
+2 8
+1 8
+2 8
+1 8
+26 8
+1 8
+2 8
+1 8
+2 8
+1 8
-7 22
+1 22
+2 22
+1 22
+2 22
+1 22
+2 29
+2 29
+2 29
+3 29
+1 29
+2 29
+1 29
+2 29
+1 29
+2 27
+2 27
+2 27
+3 23
+1 23
+2 23
+1 23
+2 23
+1 23
+2 23
+2 23
+2 23
+3 20
+1 20
+2 20
+1 20
+2 20
+1 20
+2 13
+2 13
+2 13
+3 18
+1 18
+2 18
+1 18
+2 15
+1 15
+2 15
+2 9
+1 9
+2 9
+1 9
+4 19
+3 19

fl=(41) /build/eglibc-617sU_/eglibc-2.19/elf/dl-reloc.c
fn=(188) _dl_protect_relro
322 30
cfi=(3)
cfn=(4)
calls=5 130 
* 10
* 10
+1 10
+1 10
-1 10
+2 10
+3 10
+1 25
cfi=(48)
cfn=(190)
calls=5 81 
* 50
* 10
+6 25

fn=(164) _dl_relocate_object
154 40
cfi=(3)
cfn=(4)
calls=5 -24 
* 10
* 5
+15 10
+1 25
+6 15
+6 15
-18 10
+22 5
-22 5
+22 5
+7 20
-32 5
+77 20
fi=(6)
103 35
fe=(41)
264 344
-99 55
fi=(5) /build/eglibc-617sU_/eglibc-2.19/elf/do-rel.h
-67 10
fe=(41)
264 5
fi=(5)
47 5
+11 5
-11 5
fe=(41)
264 5
fi=(5)
58 5
fe=(41)
264 5
fi=(5)
47 5
+11 5
-11 5
fe=(41)
264 5
fi=(5)
58 5
+3 4
fi=(6)
401 8
fi=(5)
61 8
fi=(6)
661 4
-1 8
+1 4
-1 4
+3 8
-2 34
-1 68
+1 34
-1 34
+3 68
+2 120
+1 30
fi=(5)
61 154
fe=(41)
264 305
fi=(6)
610 10
fi=(5)
47 5
+51 5
-52 5
+1 5
+37 5
+14 5
-14 5
-1 5
+3 5
-3 5
+3 15
+12 5
-51 5
+51 5
-52 5
+1 5
+37 5
+14 5
-14 5
-1 5
+3 5
-3 5
+3 15
+12 5
+10 32
+10 40
+3 8
+3 8
-3 8
+3 8
fi=(6)
511 10
fe=(41)
264 30
+3 15
+28 5
+3 5
-3 5
+3 10
+17 20
+1 10
cfn=(188)
calls=5 +6 
* 210
* 10
+1 30
183 15
fi=(6)
-74 8
+4 12
+13 4
-8 4
+8 4
-8 4
+8 4
+13 12
fi=(5)
-55 12
-1 12
+3 12
+12 18
+7 12
+6 6
+1 6
fi=(6)
639 15
fi=(5)
112 2512
fi=(6)
639 2512
fi=(5)
111 1259
fi=(6)
640 1259
fi=(5)
111 2518
+7 24
+3 10
+3 15
fi=(6)
465 12
fi=(5)
136 4
+3 4
-3 8
+3 4
-1 4
-2 8
+2 4
-2 4
+1 8
+2 4
-1 4
fi=(6)
308 4
+3 4
fi=(5)
137 8
fi=(6)
311 4
fi=(5)
136 109
+3 109
-3 218
+3 109
-1 109
-2 218
+2 109
-2 109
+1 218
+2 109
-1 109
fi=(6)
308 109
+3 109
fi=(5)
137 218
fi=(6)
311 109
+17 226
+9 2828
fi=(5)
137 89
fi=(6)
337 267
fi=(5)
138 89
fi=(6)
337 380
fi=(5)
137 6
fi=(6)
337 18
fi=(5)
138 6
fi=(6)
337 1734
cfi=(7)
cfn=(170)
calls=95 714 
* 64881
* 570
+1 414
+3 428
+6 565
fi=(5)
124 456
fi=(6)
370 6
+1 12
+67 33
+2 44
+1 77
-84 270
+91 27
337 39
+1 6
+2 12
fe=(41)
-76 131
fi=(6)
465 2
fi=(5)
160 4
+11 3
-1 1
+1 1
-1 1
fi=(6)
308 1
fi=(5)
170 3
fi=(6)
311 3
fi=(5)
171 12
-1 4
+1 4
-1 4
fi=(6)
308 4
fi=(5)
170 12
fi=(6)
311 12
+17 10
+9 205
cfi=(7)
cfn=(170)
calls=5 714 
* 3028
* 30
+1 13
+3 4
+6 25
fi=(5)
160 21
fi=(6)
340 4
-2 4
+2 4
fe=(41)
-76 3
fi=(6)
+93 20
fi=(5)
111 24
+49 8
fi=(6)
502 20
fe=(41)
264 35
fi=(6)
671 16
337 135
718 16
+2 8
+1 8
-1 16
+1 16
+1 8
cob=(4)
cfi=(55) /build/eglibc-617sU_/eglibc-2.19/math/../sysdeps/i386/i686/fpu/multiarch/s_sinf.c
cfn=(216) sinf
calls=1 25 
* 25
cob=(4)
cfi=(54) /build/eglibc-617sU_/eglibc-2.19/math/../sysdeps/i386/i686/fpu/multiarch/s_sincosf.c
cfn=(214) sincosf
calls=1 25 
* 25
cob=(4)
cfi=(53) /build/eglibc-617sU_/eglibc-2.19/math/../sysdeps/i386/i686/fpu/multiarch/e_expf.c
cfn=(212) __ieee754_expf
calls=1 25 
* 25
cob=(4)
cfi=(49) /build/eglibc-617sU_/eglibc-2.19/math/../sysdeps/i386/i686/fpu/multiarch/s_cosf.c
cfn=(194) cosf
calls=1 25 
* 1201
cob=(3)
cfi=(47) /build/eglibc-617sU_/eglibc-2.19/wcsmbs/../sysdeps/i386/i686/multiarch/wcslen.S
cfn=(186) wcslen
calls=1 28 
* 13
cob=(3)
cfi=(46) /build/eglibc-617sU_/eglibc-2.19/string/../sysdeps/i386/i686/multiarch/memrchr.S
cfn=(184) memrchr
calls=1 36 
* 14
cob=(3)
cfi=(45) /build/eglibc-617sU_/eglibc-2.19/string/../sysdeps/i386/i686/multiarch/strncase.S
cfn=(182) strncasecmp
calls=1 27 
* 15
cob=(3)
cfi=(42) /build/eglibc-617sU_/eglibc-2.19/string/../sysdeps/i386/i686/multiarch/strnlen.S
cfn=(176) strnlen
calls=1 28 
* 105
+1 16
fe=(41)

fl=(25)
fn=(72)
40 53
+1 53
+2 53
+1 53
+2 53
+1 53
+1 53
+1 53
+1 15
+1 15
+1 15
-1 38
+1 38
+1 35
+1 163
+2 53
+2 53
+3 53

fl=(12)
fn=(24)
34 4
cfi=(3)
cfn=(4)
calls=1 +96 
* 2
* 3
+8 6
+4 2
+11 6

fl=(15)
fn=(48)
32 24
cfi=(3)
cfn=(4)
calls=4 +98 
* 8
* 12
+2 12
cfi=(2)
cfn=(50) rtld_lock_default_lock_recursive
calls=4 837 
* 12
+2 25
+4 6
-1 27
+2 3
+2 3
+5 3
-1 3
+1 3
-1 3
+1 3
+1 3
-1 3
+1 9
+2 6
cfi=(2)
cfn=(52) rtld_lock_default_unlock_recursive
calls=3 843 
* 9
-3 1
-1 1
+1 1
-1 1
+1 1
+1 1
-1 1
+1 3
+2 2
cfi=(2)
cfn=(52)
calls=1 843 
* 3
+1 24
-6 2

fn=(32)
61 20
cfi=(3)
cfn=(4)
calls=4 +69 
* 8
* 8
+1 4
-1 16
+1 4
cfi=(11)
cfn=(22)
calls=4 -19 
* 223
+6 4
-6 8
+6 4
-6 4
+6 4
+7 24
cfi=(17)
cfn=(36)
calls=4 +27 
* 298
* 4
+3 4
-3 4
+3 4
+4 4
-1 4
+1 8
+4 8
+1 32
cfi=(18)
cfn=(46)
calls=4 -47 
* 106
* 4
+2 4
-2 4
+10 16
+1 4
-1 4
+1 16
+3 4
-3 4
+3 4
+6 4
-4 4
+4 4
+3 13
+2 1
-2 3
+2 15
-2 45
+12 4
+4 4
-4 4
+6 4
-5 4
+5 12
+2 9
+3 9
+4 12
+4 6
+2 1
+6 1
+3 2
+3 6
-3 6
+3 18
+2 9
cfi=(11)
cfn=(22)
calls=3 43 
* 282
+4 3
-4 9
+4 12
+64 6
+4 24
68 40
+73 9
-39 10
+39 2
+70 18
cfi=(25)
cfn=(72)
calls=3 40 
* 70
* 3
+5 48
+1 48
-1 48
+1 51
-1 3
+1 9
+5 6
-57 6
cfi=(17)
cfn=(40)
calls=3 -72 
* 147
* 3
+1 3
-1 3
+1 9

fl=(2)
fn=(144) version_check_doit
657 1
+2 1
-2 2
cfi=(3)
cfn=(4)
calls=1 130 
* 2
* 3
+2 3
cfi=(39) /build/eglibc-617sU_/eglibc-2.19/elf/dl-version.c
cfn=(146) _dl_check_all_versions
calls=1 380 
* 5952
* 2
+4 4

fn=(102) map_doit
625 1
+2 1
-2 4
+2 7
cfi=(22)
cfn=(104)
calls=1 2317 
* 2890
* 2
+2 3

fn=(26)
891 6
cfi=(3)
cfn=(4)
calls=1 130 
* 2
* 2
2488 1
-1 1
910 2
+3 2
+4 2
+1 2
+5 2
2485 1
+7 1
-7 1
+7 7
2650 2
2494 2
cfi=(13)
cfn=(28)
calls=1 30 
* 82
* 4
cfi=(13)
cfn=(28)
calls=2 30 
* 401
* 9
+4 50
+1 19
-1 57
+3 4
+6 12
2660 3
+33 3
933 4
1132 7
cfi=(15)
cfn=(32)
calls=1 61 
* 284
* 1
+2 1
-2 1
+2 1
+1 1
+6 1
-6 1
+2 1
-2 1
+1 1
+1 1
-1 1
+1 1
+4 2
cfi=(15)
cfn=(48)
calls=1 32 
* 47
+1 2
900 1
1163 1
+8 1
-3 1
+3 3
-8 1
+1 1
+2 1
+5 2
+56 1
-34 2
+21 1
897 1
1214 1
+13 4
-55 24
-1 27
+1 47
-1 3
1274 4
+3 2
+2 2
+2 3
+13 3
+1 9
cfi=(19)
cfn=(54)
calls=1 30 
* 9
* 3
+7 1
+3 1
-5 1
+3 1
+2 2
+1 2
+4 2
+2 3
fi=(4)
29 2
+9 2
+4 1
+2 1
+7 1
-7 2
+8 12
+10 3
-18 9
+8 20
+10 20
-18 60
+18 1
-18 3
+2 48
+5 16
+2 4
+16 4
+38 4
+7 3
+5 4
+4 4
+1 3
+12 4
+14 4
+18 4
fe=(2)
1317 2
cfi=(7)
cfn=(12)
calls=1 859 
* 37
+3 2
fi=(20) /build/eglibc-617sU_/eglibc-2.19/elf/setup-vdso.h
24 3
fe=(2)
1342 6
1176 3
+1 1
+90 2
+1 2
+1 1
-6 2
+1 1
-37 8
-1 6
+2 4
+1 1
+3 2
+1 2
-1 2
+1 2
+1 2
+1 6
+1 2
-43 1
-2 2
+27 1
-25 1
+7 1
-10 1
+10 2
-19 3
+1 1
fi=(4)
56 4
+3 4
+2 3
fe=(2)
2583 5
cfi=(14)
cfn=(30)
calls=1 46 
* 35
* 2
+2 3
-55 5
cfi=(14)
cfn=(30)
calls=1 46 
* 30
* 2
+7 5
cfi=(14)
cfn=(30)
calls=1 46 
* 36
* 2
+2 3
fi=(4)
114 2
fe=(2)
1347 2
cfi=(22)
cfn=(64)
calls=1 714 
* 4581
+3 3
cfi=(28)
cfn=(90)
calls=1 47 
* 22
* 1
+2 1
+5 3
+3 3
+1 1
+1 1
+2 1
-3 3
+1 2
+3 2
+5 1
-7 1
+7 1
+1 6
+4 1
+2 1
+2 1
-2 1
+8 2
-7 1
+7 1
-6 1
+5 2
+1 6
+2 2
+1 2
+5 3
+5 3
906 1
1579 4
+3 2
+4 3
+5 2
+1 1
cfi=(28)
cfn=(92) _dl_debug_state
calls=1 74 
* 1
+5 3
+15 4
+4 3
+31 5
cfi=(24)
cfn=(68)
calls=1 81 
* 16
* 2
+77 4
+17 1
+1 2
-1 2
+1 9
cfi=(34)
cfn=(124)
calls=1 147 
* 16633
* 1
+1 1
+5 1
-3 4
+3 5
+1 3
-1 2
+1 12
-1 8
+4 3
+1 3
+1 1
+2 2
+1 5
-1 2
+1 9
-1 9
-28 4
+1 1
-1 3
+4 2
+1 1
+1 2
+1 2
1521 1
1770 1
-1 1
+1 1
-1 1
+1 1
+2 1
+2 3
+2 1
-4 1
+5 1
-1 2
+14 2
+1 2
+1 3
+11 5
+1 1
+1 1
-1 1
+1 5
cfi=(29)
cfn=(142) _dl_receive_error
calls=1 205 
* 6009
+11 1
-1 1
+1 1
-1 1
+1 1
+1 1
cfn=(152) init_tls
calls=1 717 
* 776
* 1
+2 3
+3 1
cfn=(160) security_init
calls=1 851 
* 28
+2 3
2054 4
+56 2
+4 1
-4 1
+11 1
-11 1
+4 3
+4 2
+3 1
+8 3
+46 5
+7 1
+2 2
+1 1
-1 1
+1 2
+1 5
+2 15
+5 10
+2 10
+6 5
+2 10
+1 44
cfi=(41)
cfn=(164)
calls=4 154 
* 86039
+4 27
-22 19
+25 1
+2 3
+6 1
-6 1
+6 2
+5 5
+1 1
+5 2
cfi=(38)
cfn=(218)
calls=1 376 
* 144
+4 2
+14 3
+2 3
+29 1
cfi=(8)
cfn=(220)
calls=1 256 
* 1
+4 3
+20 3
cfi=(28)
cfn=(90)
calls=1 47 
* 15
+1 1
+1 1
cfi=(28)
cfn=(92)
calls=1 74 
* 1
+5 1
cfi=(36)
cfn=(222) _dl_unload_cache
calls=1 308 
* 27
+5 6
2209 2
cfi=(38)
cfn=(192)
calls=1 831 
* 29
* 1
-12 1
+1 1
-3 2
+55 2
+15 3
+2 1
+1 8
cfi=(41)
cfn=(164)
calls=1 154 
* 7397
+1 1
+2 5
2062 1
899 2
1767 2
1623 2
cfi=(11)
cfn=(22)
calls=1 43 
* 129
* 10
cfi=(18)
cfn=(46)
calls=1 40 
* 32
* 1
+3 5
-12 1
+19 2
-4 4
cfi=(17)
cfn=(80)
calls=1 335 
* 889
* 4
cfi=(17)
cfn=(80)
calls=1 335 
* 26
* 6
+1 2
+1 3
+2 4
cfn=(94) do_preload
calls=1 804 
* 3011
* 2
1336 4
+6 1
cfi=(9)
cfn=(60) _dl_discover_osversion
calls=1 45 
* 99
* 2
1635 1
+1 2
+1 3

fn=(152)
717 1
+7 1
-7 3
cfi=(3)
cfn=(4)
calls=1 130 
* 2
* 2
+2 1
+4 1
-4 1
+4 1
+10 4
cfi=(17)
cfn=(36)
calls=1 102 
* 73
* 1
-4 1
+15 1
-12 1
+6 1
-9 1
+11 1
+4 1
+2 1
-1 1
+1 12
+2 10
+4 1
+2 1
-7 10
+9 2
+3 1
cfi=(38)
cfn=(154)
calls=1 112 
* 86
+7 1
cfi=(38)
cfn=(156)
calls=1 328 
* 521
+1 1
-1 1
+1 1
+6 1
+8 1
-8 1
+8 17
+4 1
+2 2
+1 5

fn=(94)
804 7
cfi=(3)
cfn=(4)
calls=1 130 
* 2
* 2
+6 1
+6 3
-5 1
+5 1
-10 1
+6 1
+2 1
+2 2
-2 1
+2 2
cfi=(29)
cfn=(96)
calls=1 163 
* 2971
* 2
+1 3
+8 4
+6 6

fn=(50)
837 5
+1 10

fn=(98) _dl_initial_error_catch_tsd
795 7
cfi=(22)
cfn=(70)
calls=7 1512 
* 14
* 7
+3 14

fn=(52)
843 5
+1 10

fn=(2)
362 7
cfi=(3)
cfn=(4)
calls=1 130 
* 2
* 2
+18 2
fi=(4)
44 1
+7 1
fe=(2)
380 1
fi=(6)
59 3
fi=(4)
-15 1
fe=(2)
409 1
-3 1
fi=(4)
44 1
+8 16
+10 4
-18 12
+8 13
+10 13
-18 39
+18 1
-18 3
+2 36
+5 20
+2 4
+16 2
+20 4
+1 4
+1 4
+1 4
+5 4
+2 4
+1 4
+1 4
+6 3
+3 2
+13 3
+1 3
+4 3
+2 3
+3 3
+1 3
fe=(2)
537 2
285 1
544 1
285 81
+12 2
cfi=(7)
cfn=(12)
calls=1 859 
* 37
+1 2
+1 2
+1 2
+1 2
+21 2
+10 3
-10 1
+4 1
+6 2
cfi=(8)
cfn=(14)
calls=1 86 
* 128837
* 1
+9 1
+3 2
+4 1
-4 2
+4 1
569 7
fi=(4)
56 4
fe=(2)
542 39
fi=(5)
84 1
+27 1
-28 2
+28 2
+1 2
fi=(6)
639 2
fi=(5)
112 20
fi=(6)
639 20
fi=(5)
111 11
fi=(6)
640 11
fi=(5)
111 22
+5 3
+8 3
fi=(6)
409 2
fi=(5)
124 4
+15 2
fi=(6)
338 1
fi=(5)
139 1
-2 2
fi=(6)
308 1
fi=(5)
137 3
fi=(6)
338 2
+3 4
fi=(5)
139 16
fi=(6)
338 8
fi=(5)
139 8
-2 16
fi=(6)
308 8
fi=(5)
137 24
fi=(6)
338 16
+3 32
+6 54
fi=(4)
59 4
+2 3
fi=(5)
+63 28
fi=(6)
357 27
fe=(2)

fn=(160)
851 3
cfi=(3)
cfn=(4)
calls=1 130 
* 2
* 2
+2 1
fi=(40) /build/eglibc-617sU_/eglibc-2.19/elf/../sysdeps/unix/sysv/linux/dl-osinfo.h
61 2
+23 2
+2 1
+7 1
fe=(2)
855 1
+6 2
+2 1
fi=(40)
101 2
+11 1
fe=(2)
866 1
+2 1
+6 1
+1 4

fl=(24)
fn=(112)
81 27
+1 3

fn=(110)
81 189
+1 21
cfi=(22)
cfn=(70)
calls=17 1512 
* 34
* 85

fn=(68)
81 32
+1 4
cfi=(22)
cfn=(70)
calls=4 1512 
* 8
* 20

fn=(122)
81 28
+1 4

fl=(39)
fn=(146)
380 7
cfi=(3)
cfn=(4)
calls=1 130 
* 2
* 1
+4 1
-4 1
+4 2
-2 2
+4 35
cfn=(148) _dl_check_map_versions
calls=5 174 
* 5859
-2 5
+2 15
-1 5
-1 10
+5 7

fn=(148)
174 40
+15 10
-15 5
cfi=(3)
cfn=(4)
calls=5 -44 
* 10
* 10
+15 10
+2 10
+2 20
+1 10
+2 5
-2 5
+2 5
+3 6
+4 3
-4 3
+4 9
+34 3
-34 6
+34 6
-17 6
56 3
220 3
56 15
220 4
56 2
220 2
56 10
+1 16
-1 32
+2 63
cfi=(31)
cfn=(106)
calls=21 288 
* 1564
* 47
228 15
+5 20
+19 4
-15 159
cfn=(150) match_symbol
calls=2 76 
* 258
* 56
cfn=(150)
calls=7 76 
* 1361
* 18
+7 9
-7 9
+7 36
+3 27
+9 20
+5 2
+1 2
-79 2
-8 2
+95 15
+3 12
+3 18
+3 12
+4 3
-7 12
+3 9
+4 40
-7 160
+3 123
+8 3
+86 3
-86 8
+86 2
-86 4
+87 6
-81 28
cfi=(17)
cfn=(36)
calls=4 102 
* 331
* 4
* 4
-1 4
+2 4
-2 4
+2 4
+8 4
+3 16
+2 12
+3 15
+4 20
+18 4
-15 4
+2 16
-2 5
+2 20
+2 18
+1 9
-1 9
+1 18
+1 9
-2 9
+3 9
-1 18
+1 27
+3 32
+8 15
+5 2
+1 5
+4 12
+3 18
+20 43
-14 43
-2 43
+2 46
-2 3
+2 3
+4 43
+1 215
+1 43
+1 43
-1 86
+4 138
+9 4
+1 24

fn=(150)
76 63
cfi=(3)
cfn=(4)
calls=9 +54 
* 18
* 27
+1 18
+8 9
-8 9
+8 9
+6 36
+15 9
+1 18
+2 18
+5 18
+14 126
+12 162
+4 54
-30 108
+19 72
cfi=(19)
cfn=(54)
calls=9 30 
* 764
* 27
+35 54

fl=(30) /build/eglibc-617sU_/eglibc-2.19/setjmp/../sysdeps/i386/setjmp.S
fn=(100) __sigsetjmp
30 6
+3 6
+1 6
+1 6
+1 6
+4 6
+1 6
+5 6
+1 6
+4 6
+1 6

fl=(52) /build/eglibc-617sU_/eglibc-2.19/elf/dl-runtime.c
fn=(206) _dl_fixup
66 56
+3 8
-3 8
cfi=(3)
cfn=(4)
calls=8 +64 
* 16
* 8
+3 16
+3 16
+1 80
+1 24
+5 8
-5 8
+5 8
+4 24
+4 24
+4 21
+1 21
+2 28
+7 24
-1 8
+11 112
cfi=(7)
cfn=(170)
calls=8 714 
* 7139
* 16
+4 24
+10 56
+16 32
+4 24
fi=(6)
274 16
fe=(52)
149 56
-64 2

fl=(51) /build/eglibc-617sU_/eglibc-2.19/elf/../sysdeps/i386/dl-trampoline.S
fn=(204) _dl_runtime_resolve
28 8
+2 8
+2 8
+2 8
+1 8
+1 8
cfi=(52)
cfn=(206)
calls=8 +30 
* 7883
+1 8
+2 8
+1 8
+1 8
+1 8

fl=(28)
fn=(90)
47 15
cfi=(3)
cfn=(4)
calls=5 +83 
* 10
* 5
+3 10
+5 8
+5 1
-1 1
+1 2
+1 2
+4 10
-14 5
+4 10
+4 1
-1 1
-58 1

fn=(92)
74 2

fl=(9)
fn=(60)
45 5
cfi=(3)
cfn=(4)
calls=1 +85 
* 2
* 2
+2 4
+40 3
cfi=(21) /build/eglibc-617sU_/eglibc-2.19/posix/../sysdeps/unix/syscall-template.S
cfn=(62) uname
calls=1 -6 
* 8
* 2
+15 1
-15 1
+20 1
-1 1
+3 12
+2 3
+2 3
-2 3
+2 10
+3 1
-1 1
+1 1
-3 4
+7 3
-1 3
+2 3
+2 13
+8 1
+1 6
-4 2

fl=(99) /build/eglibc-617sU_/eglibc-2.19/elf/dl-fini.c
fn=(450) _dl_sort_fini
32 8
cfi=(3)
cfn=(4)
calls=1 +98 
* 2
* 1
+2 1
-2 4
+2 1
+5 3
+1 1
-1 1
+1 4
-1 1
+1 1
+1 4
cfi=(33)
cfn=(118)
calls=1 +7 
* 23
* 6
+15 3
+62 4
+3 30
cfi=(33)
cfn=(118)
calls=3 -73 
* 73
* 18
-76 9
+1 15
-1 3
+1 9
+4 9
+71 3
-76 3
+1 5
-1 1
+1 3
+4 11
+6 4
+1 4
-1 4
+1 13
+2 6
+1 6
-1 6
+1 9
+3 21
-1 30
+31 18
+21 12
-57 18
+61 13
+7 6

fn=(448) _dl_fini
131 6
cfi=(3)
cfn=(4)
calls=1 -1 
* 2
* 4
+19 1
-6 1
-1 3
+10 14
+86 3
-83 4
cfi=(2)
cfn=(50)
calls=1 837 
* 3
+3 2
+3 2
+2 6
+7 1
+4 1
-4 2
+4 2
+2 3
+3 7
+3 3
+10 10
+2 10
+2 5
+1 5
+1 5
+4 5
-12 15
+14 3
+5 7
cfn=(450)
calls=1 32 
* 430
+9 1
-9 1
+9 2
cfi=(2)
cfn=(52)
calls=1 843 
* 3
+4 4
+2 3
+2 3
-2 12
+2 12
+3 10
+3 15
+4 6
+7 6
+4 3
+1 3
-1 3
+1 3
-1 3
+1 3
+2 18
+1 3
cob=(4)
cfi=(66)
cfn=(498) 0x00004910
calls=1 0 
* 1199
cob=(5)
cfi=(57)
cfn=(466) 0x00000480
calls=1 0 
* 919
cob=(6)
cfi=(67)
cfn=(452) 0x080486e0
calls=1 0 
* 14
-1 9
+5 9
+1 9
cob=(2)
cfi=(16)
cfn=(520)
calls=1 0 
* 9
cob=(2)
cfi=(16)
cfn=(494)
calls=1 0 
* 9
cob=(2)
cfi=(16)
cfn=(462)
calls=1 0 
* 9
+5 35
-39 10
+55 5
-55 11
-70 2
283 6
-49 6
+55 2
+7 6

fl=(21)
fn=(62)
81 7
+1 1

fl=(35)
fn=(130)
33 16
+2 16
-2 16
cfi=(3)
cfn=(4)
calls=16 +97 
* 32
* 16
+2 112
+6 2
-6 45
+6 30

fl=(18)
fn=(46)
40 17
+1 17
+1 17
+1 17
+2 17
+1 17
+1 17
+1 17
+1 17
+1 17
+2 10
+1 10
+2 10
+1 10
+11 10
+1 10
+1 10
+1 10
+1 52
+2 10
+1 17
+2 10
+2 10
+1 10
+1 10
+2 10
-4 7
+1 7
+1 7
+2 7
+6 7
+1 7
+1 2
+1 2
+1 2
-1 5
+1 5
+1 6
+1 39
+2 7

fl=(29)
fn=(142)
205 7
cfi=(3)
cfn=(4)
calls=1 -75 
* 2
* 3
+1 1
cfi=(2)
cfn=(98)
calls=1 795 
* 6
+11 1
-7 1
-4 1
+5 1
+3 1
+1 1
-5 1
+1 1
+6 2
cfi=(2)
cfn=(144)
calls=1 657 
* 5970
+2 1
+1 1
-1 1
+1 1
+1 6

fn=(96)
163 18
cfi=(3)
cfn=(4)
calls=6 -33 
* 12
* 12
+12 12
+3 6
-2 12
+1 12
+1 6
+2 6
cfi=(2)
cfn=(98)
calls=6 795 
* 36
+1 6
-1 12
+2 12
+3 18
-4 6
+4 6
cfi=(30)
cfn=(100)
calls=6 30 
* 66
* 18
+2 18
cfi=(34)
cfn=(126)
calls=5 60 
* 13620
cfi=(2)
cfn=(102)
calls=1 625 
* 2908
+1 12
+3 6
-3 6
+1 12
+1 12
+1 6
+8 30

fl=(32)
fn=(116)
33 4
+2 4
-2 4
cfi=(3)
cfn=(4)
calls=4 +97 
* 8
* 4
+2 28
+6 8

fl=(26)
fn=(74)
29 11
+2 11
+2 11
+2 11
+3 11
+2 11
+1 11
+1 11
+2 11
+2 11
+2 11
+1 11
+1 11
+1 11
+2 11
+3 11
+3 11
+3 11
+3 11
+3 11
+5 11
+1 11
+3 11

fl=(36)
fn=(138) _dl_cache_libcmp
138 126
+1 92
+2 101
+2 101
-2 202
+2 12
+7 2
-1 6
+1 2
-1 2
+1 6
+1 6
-2 2
+2 2
+2 10
+2 4
+6 495
+2 396
+4 80
-28 80
+29 80
-29 242
+32 2
+1 8
-1 2
+1 2
-19 6
+11 19
+8 19
-8 38
+8 19
-8 19
+8 57

fn=(132)
182 10
cfi=(3)
cfn=(4)
calls=2 -52 
* 4
* 6
+8 4
+3 6
+45 3
+6 8
+9 2
+2 2
-2 4
fi=(37) /build/eglibc-617sU_/eglibc-2.19/elf/../sysdeps/i386/dl-procinfo.h
100 8
+3 6
cfi=(19)
cfn=(54)
calls=2 -73 
* 32
* 18
cfi=(19)
cfn=(54)
calls=6 -73 
* 142
* 16
-2 24
fe=(36)
259 8
cfi=(24)
cfn=(68)
calls=2 81 
* 32
* 2
+4 16
+15 292
cfn=(138)
calls=19 138 
* 2024
* 91
fi=(37)
104 2
fe=(36)
257 20
-61 4
cfi=(31)
cfn=(134)
calls=1 45 
* 102
+8 1
-8 1
+8 4
+1 5
cfi=(14)
cfn=(30)
calls=1 46 
* 40
* 2
+7 1
-3 1
+3 2
+3 1
+1 2
-1 1
+1 1
+1 5
cfi=(14)
cfn=(30)
calls=1 46 
* 43
* 2
+2 2
+59 36
cfn=(138)
calls=2 138 
* 216
* 10
-15 2
+15 2
-15 8
+15 32
-15 4
+15 2
-14 2
-1 4
+15 52
+16 4
+5 14

fn=(222)
308 2
cfi=(3)
cfn=(4)
calls=1 130 
* 2
* 2
+1 4
+2 4
cfi=(48)
cfn=(224)
calls=1 81 
* 9
+1 1
+2 3

fl=(33)
fn=(118)
48 12
+1 12
+2 12
+1 12
+4 12
+2 12
+1 12
+2 12
+1 12
+1 2
+1 2
+1 2
+1 2
+1 2
+1 2
+1 2
+1 2
+1 2
+3 12
+1 12
+1 12
+2 12
+2 134
+2 12
+1 28
+5 12
+2 12
+7 12

ob=(5)
fl=(57)
fn=(238)
0 12

fn=(486) 0x000003f0
0 4
cfn=(238)
calls=1 0 
0 2
0 11

fn=(466)
0 4
cfn=(238)
calls=1 0 
0 2
0 10
cob=(3)
cfi=(100) /build/eglibc-617sU_/eglibc-2.19/stdlib/cxa_finalize.c
cfn=(480) __cxa_finalize
calls=1 31 
0 73
cob=(1)
cfi=(51)
cfn=(204)
calls=1 28 
0 802
0 5
0 1
cfn=(486)
calls=1 0 
0 17
0 5

fn=(244)
0 4
cfn=(238)
calls=1 0 
0 2
0 19
cfn=(238)
calls=1 0 
0 2
0 9

ob=(3)
fl=(77) /build/eglibc-617sU_/eglibc-2.19/stdio-common/printf.c
fn=(372) printf
28 3000
cfi=(43) /build/eglibc-617sU_/eglibc-2.19/string/../sysdeps/i386/i686/multiarch/strcat.S
cfn=(178) 0x0012694b
calls=1000 +27 
* 2000
* 1000
+4 1000
+1 7000
cfi=(78) /build/eglibc-617sU_/eglibc-2.19/stdio-common/vfprintf.c
cfn=(374) vfprintf
calls=1000 235 
* 3015009
+4 3000

fl=(83) /build/eglibc-617sU_/eglibc-2.19/io/../sysdeps/unix/sysv/linux/fxstat64.c
fn=(388) __fxstat64@@GLIBC_2.2
33 1
+2 1
-2 1
cfi=(43)
cfn=(178)
calls=1 +22 
* 2
* 1
+2 4
cob=(1)
cfi=(1)
cfn=(390)
calls=1 -35 
* 2
* 3
+6 2

fl=(92) /build/eglibc-617sU_/eglibc-2.19/stdlib/../sysdeps/i386/mul_1.S
fn=(416) __mpn_mul_1
37 7499
+2 7499
+2 7499
+2 7499
+3 7499
+2 7499
+2 7499
+1 7499
+2 7499
+1 7499
+1 7499
+1 14998
+4 7499
+1 7499
+1 7499
+1 7499
+1 7499
+1 7499
+2 7499
+1 7499
-8 11491
+1 11491
+1 11491
+1 11491
+1 11491
+1 11491
+2 11491
+1 11491
+1 7499
+2 7499
+3 7499
+3 7499
+3 7499
+4 7499

fl=(79) /build/eglibc-617sU_/eglibc-2.19/string/../sysdeps/i386/strchrnul.S
fn=(376) strchrnul
34 3000
+4 3000
+1 3000
+6 3000
+1 3000
+1 3000
+1 3000
+13 3000
+1 3000
+1 2000
+1 2000
+1 2000
+1 2000
+1 2000
+1 2000
+2 2000
+1 2000
+1 2000
+1 2000
+1 2000
+1 2000
+1 2000
+1 1000
+2 1000
+1 1000
+1 1000
+1 1000
+1 1000
+1 1000
+1 1000
+1 1000
+3 1000
+34 2000
+1 2000
+2 2000
+1 2000
+10 2000
+4 1000
+3 1000
+1 1000
+4 1000
250 2000
+1 2000
+1 1000
+1 1000
+1 1000
+2 1000
+1 1000
+1 1000
+1 1000
+1 1000
+2 1000
+1 1000
+1 1000
+1 1000
+1 1000
+3 1000
+2 1000
+4 1000
-4 2000
+4 2000

fl=(60) /build/eglibc-617sU_/eglibc-2.19/string/../sysdeps/i386/i686/multiarch/../../strrchr.S
fn=(260) __GI_strrchr
33 1
+3 1
+3 1
+1 1
+2 1
+6 1
+1 1
+1 1
+1 1
+13 1
+1 1
+1 1
+1 1
+1 1
+2 1
+1 1
+1 1
+2 1
+1 1
+79 1
+1 1
+1 1
+1 1
+1 1
+8 1
+1 1
+1 1
+3 1
+2 1
+1 1
+1 1
+11 1
-13 1
+1 1
+1 1
+11 1
+4 2
+3 2
+1 2
+4 2
+6 2
+2 2
+1 2
+3 2
+1 2
+1 2
+1 2
+2 2
+2 1
+1 1
+1 1
+3 1
+1 1
+1 1
+1 1
+2 1
+65 1
+8 1
+1 1
+2 1
+1 1
+19 1
+3 1
+4 1

fl=(89) /build/eglibc-617sU_/eglibc-2.19/math/../sysdeps/ieee754/dbl-64/s_isinf.c
fn=(408) isinf
21 1000
+2 4000
+4 1000
-3 4000
+1 3000
+1 4000
+1 1000

fl=(98) /build/eglibc-617sU_/eglibc-2.19/stdlib/cxa_thread_atexit_impl.c
fn=(438) __call_tls_dtors
82 5
cfi=(43)
cfn=(178)
calls=1 -27 
* 2
* 1
+1 1
-1 1
+1 2
cob=(1)
cfi=(38)
cfn=(446)
calls=1 769 
* 19
cob=(1)
cfi=(51)
cfn=(204)
calls=1 -55 
* 1221
* 5
* 2
+3 1
-3 3
+18 6

fl=(47)
fn=(186)
28 2
cfi=(43)
cfn=(178)
calls=1 +27 
* 2
* 1
+4 1
+1 1
+2 1
+1 1
+1 1
+1 1
+1 1
+3 1

fl=(102) /build/eglibc-617sU_/eglibc-2.19/posix/../sysdeps/unix/sysv/linux/i386/_exit.S
fn=(534) _Exit
24 1
+4 1
+1 1

fl=(88) /build/eglibc-617sU_/eglibc-2.19/math/../sysdeps/ieee754/dbl-64/s_isnan.c
fn=(406) isnan
28 1000
+2 4000
+5 1000
-3 2000
-1 1000
+1 1000
+1 1000
-1 2000
+1 1000
+1 1000
+1 1000

fl=(84) /build/eglibc-617sU_/eglibc-2.19/misc/../sysdeps/unix/sysv/linux/i386/mmap.S
fn=(392) mmap
29 1
+2 1
+2 1
+2 1
+3 1
+2 1
+1 1
+1 1
+2 1
+2 1
+2 1
+1 1
+1 1
+1 1
+2 1
+3 1
cob=(1)
cfi=(1)
cfn=(390)
calls=1 -56 
* 2
+3 1
+3 1
+3 1
+3 1
+5 1
+1 1
+3 1

fl=(85) /build/eglibc-617sU_/eglibc-2.19/stdio-common/_itoa.c
fn=(400) _itoa_word
165 4000
+3 1000
-3 1000
cfi=(43)
cfn=(178)
calls=1000 55 
* 2000
* 4000
+3 4000
+2 2000
+9 36680
+9 6000

fl=(43)
fn=(178)
55 61588

fl=(69) /build/eglibc-617sU_/eglibc-2.19/stdlib/cxa_atexit.c
fn=(308) __new_exitfn
73 1
+6 1
-6 1
+6 1
-6 4
cfi=(43)
cfn=(178)
calls=1 -18 
* 2
* 1
+6 4
+2 5
-7 3
+9 3
-2 2
+10 1
-10 2
+45 1
+1 2
+3 4
+3 7
-21 1
+1 2

fn=(306) __cxa_atexit
57 2
cfi=(43)
cfn=(178)
calls=1 -2 
* 2
* 2
-22 3
cfn=(308)
calls=1 +38 
* 48
+2 2
+4 3
+2 1
+1 2
+1 2
+2 1
+1 1
+11 3

fl=(95) /build/eglibc-617sU_/eglibc-2.19/string/../sysdeps/i386/i686/multiarch/../../i586/strlen.S
fn=(422) __GI_strlen
43 1000
+1 1000
+2 1000
+2 1000
+46 1000
+1 1000
+2 1000
+1 1000
+2 1000
+1 1000
+2 1000
+2 1000
+2 1000
+51 1000
+1 1000
+2 1000
+1 1000
+2 1000
+1 1000
+2 1000
+10 1000
+3 1000

fl=(59) /build/eglibc-617sU_/eglibc-2.19/misc/init-misc.c
fn=(258) __init_misc
30 6
cfi=(43)
cfn=(178)
calls=1 +25 
* 2
* 1
+1 5
+2 3
cfi=(60)
cfn=(260)
calls=1 * 
* 76
+1 2
+3 3
+1 3
+2 5

fl=(87) /build/eglibc-617sU_/eglibc-2.19/stdio-common/printf_fp.c
fn=(414) hack_digit.13386
231 35000
+3 7000
-3 7000
cfi=(43)
cfn=(178)
calls=7000 55 
* 14000
* 7000
+3 20986
+2 21000
+2 21000
+1 7000
-1 7000
+1 42000
cfi=(92)
cfn=(416)
calls=7000 37 
* 272944
* 7000
+30 42000
-35 20958

fn=(404) __printf_fp
161 6000
+54 1000
-54 1000
cfi=(43)
cfn=(178)
calls=1000 55 
* 2000
* 1000
+33 1000
+2 1000
+19 6000
+59 3000
+2 8000
+1 2000
+23 5000
+42 1000
176 1000
-1 1000
351 1000
-2 1000
+2 1000
-2 1000
+47 1000
+4 3000
cfi=(88)
cfn=(406)
calls=1000 28 
* 16000
* 3000
1264 6000
415 3000
cfi=(89)
cfn=(408)
calls=1000 21 
* 18000
* 3000
+56 1000
+12 1000
-12 6000
+1 1000
+3 4000
+1 1000
-1 3000
+1 1000
+1 2000
-1 1000
+1 1000
+7 1000
-8 1000
+1 1000
+7 1000
-53 9000
cfi=(90) /build/eglibc-617sU_/eglibc-2.19/stdlib/../sysdeps/ieee754/dbl-64/dbl2mpn.c
cfn=(410) __mpn_extract_double
calls=1000 33 
* 34004
+4 3000
-4 1000
+4 2000
828 1000
+10 2000
-10 1000
+10 1000
-10 1000
+10 3000
+2 2000
-2 1000
+2 1000
+10 2000
+20 4000
+1 3000
+1 998
+12 499
+1 499
+1 2495
+6 998
+2 2994
+4 499
-61 499
+61 998
-12 2505
+6 1002
+2 3006
+4 501
-61 501
+61 1002
+15 3000
-1 4000
+7 2000
fi=(103) /build/eglibc-617sU_/eglibc-2.19/stdio-common/../nptl/sysdeps/pthread/allocalim.h
28 2000
fe=(87)
929 6000
-9 1000
+10 3000
+3 4499
+3 3507
+3 501
-1 501
+1 501
cfn=(414)
calls=501 231 
* 34068
-3 501
+3 501
-3 2505
+6 1503
+1 1503
+2 1002
-4 501
+4 1002
+12 501
+1 1002
+1 501
-14 499
+12 499
+1 998
+1 18996
+1 23996
+3 5499
-1 5499
+2 5499
-1 5499
cfn=(414)
calls=5499 231 
* 421836
* 5499
+1 10998
+2 1806
+9 4000
+1 2000
cfn=(414)
calls=1000 231 
* 75984
+2 1000
-2 1000
+2 1911
+1 911
-1 911
+2 764
+3 191
-4 191
+4 382
+5 191
-1 382
+1 1041
fi=(93) /build/eglibc-617sU_/eglibc-2.19/stdio-common/../sysdeps/generic/get-rounding-mode.h
93 1
+1 4
-1 999
+1 4996
fe=(87)
1094 6142
+3 126
-1 126
-2 252
+7 2003
+1 4
+2 3000
+13 3000
+46 7000
+2 6000
+2 1000
-2 1000
+2 7000
655 2000
822 3507
cfi=(91) /build/eglibc-617sU_/eglibc-2.19/stdlib/../sysdeps/i386/lshift.S
cfn=(412) __mpn_lshift
calls=501 31 
* 14028
+1 2505
+1 1002
208 1000
1170 2000
+7 5000
+9 3000
+8 4000
+2 3000
cfi=(95)
cfn=(422)
calls=1000 43 
* 22000
* 1000
+2 3000
+5 1000
+1 2000
-1 1000
+2 3000
+11 6000
+1 3000
+6 5000
+3 12746
+3 12746
-6 22116
+1 22116
+1 6993
cfi=(86) /build/eglibc-617sU_/eglibc-2.19/string/../sysdeps/i386/i686/multiarch/../mempcpy.S
cfn=(402) __GI_mempcpy
calls=999 40 
* 14985
* 1998
fi=(93)
94 2000
fi=(94) /build/eglibc-617sU_/eglibc-2.19/stdio-common/../include/rounding-mode.h
-42 2000
fe=(87)
995 1014
fi=(94)
52 507
fe=(87)
995 1014
+5 1014
+5 3836
+2 61
-2 122
+3 61
-3 177
+5 2370
+1 904
+1 1014
+2 3549
+11 1521
1233 3000
-1 1000
+18 3000
+3 3000
+7 4000
-88 4000
871 1503
+14 501
-1 501
+1 1002
+66 499
+2 499
-1 499
-1 499
+2 1497
832 1497
+38 2000
1250 4000
663 2495
-3 499
+3 998
cfi=(91)
cfn=(412)
calls=499 31 
* 13972
+1 499
-5 499
-1 499
+6 1996
+4 1497
+20 499
-21 499
+21 499
-20 1497
+5 499
+2 998
-2 5489
+2 10978
784 5988
+2 22954
+24 1497
1174 2000
944 2505
+92 36
788 998
+4 3992
cfi=(92)
cfn=(416)
calls=499 37 
* 21457
+4 499
+1 499
-4 499
+3 499
+1 1996
+3 998
-1 2994
cfi=(91)
cfn=(412)
calls=499 31 
* 16966
+2 998
+1 1497
+4 499
+1 998
1250 68976
623 1000
1199 2000
+51 22116
cfi=(81) /build/eglibc-617sU_/eglibc-2.19/libio/genops.c
cfn=(424) __overflow
calls=7372 239 
* 471808
* 14744

fl=(42)
fn=(176)
28 2
cfi=(43)
cfn=(178)
calls=1 +27 
* 2
* 1
+4 1
+1 1
+1 1
cfi=(44) /build/eglibc-617sU_/eglibc-2.19/csu/../sysdeps/x86_64/multiarch/init-arch.c
cfn=(180) __init_cpu_features
calls=1 +11 
* 91
+1 1
+1 1
+1 1
+1 1
+1 1
+3 1

fl=(78)
fn=(374)
235 1000
+35 1000
-35 5000
cfi=(43)
cfn=(178)
calls=1000 55 
* 2000
* 3000
+35 1000
1295 1000
270 3000
1295 7001
+4 6000
+4 2000
+1 6000
+6 2000
+11 2000
fi=(104) /build/eglibc-617sU_/eglibc-2.19/stdio-common/printf-parse.h
108 4000
cfi=(79)
cfn=(376)
calls=1000 -74 
* 32000
fe=(78)
1336 2000
fi=(104)
108 1000
fe=(78)
1332 1000
+4 8000
+1 14000
+3 10000
cfi=(80) /build/eglibc-617sU_/eglibc-2.19/libio/fileops.c
cfn=(378) _IO_file_xsputn@@GLIBC_2.1
calls=1000 -59 
* 88424
* 2000
2098 5000
+3 1000
+1 6000
1295 1998
2102 1000
1303 4000
+41 3000
+4 10000
283 1000
-6 1000
-3 1000
1325 1000
-8 1000
240 2000
1396 16000
-4 2000
+1 2000
-18 2000
+1 2000
+1 2000
+1 2000
+1 2000
+1 2000
+1 2000
+1 2000
+1 2000
+1 2000
+1 2000
+3 2000
+1 4000
2098 5000
+1 3000
1396 12000
1680 4000
+8 8000
fi=(104)
108 6000
cfi=(79)
cfn=(376)
calls=2000 -74 
* 69000
fe=(78)
1692 4000
-4 2000
+4 18000
cfi=(80)
cfn=(378)
calls=2000 1281 
* 330000
* 2000
-10 2000
+10 10000
2091 2000
+2 3000
+2 3000
1660 50994
cfi=(80)
cfn=(378)
calls=1000 1281 
* 87350
* 75000
cfi=(87)
cfn=(404)
calls=1000 161 
* 1879562
* 14000
+32 10000
+2 2000
-2 2000
+2 2000
-16 5000
-18 10000
cfi=(85)
cfn=(400)
calls=1000 165 
* 60680
* 42000

fl=(81)
fn=(526) _IO_flush_all_lockp
822 7
cfi=(43)
cfn=(178)
calls=1 55 
* 2
* 1
+6 3
+6 1
-1 1
-10 1
+12 2
+4 3
-1 1
-1 1
+1 3
-1 2
+1 2
+3 9
+10 6
+4 3
-2 3
+2 6
-20 6
+31 2
+2 3
+4 7
-10 6
-21 9

fn=(530) _IO_default_setbuf
557 5
+1 4
cfi=(80)
cfn=(532) _IO_file_sync@@GLIBC_2.1
calls=1 886 
* 22
* 2
+2 2
+2 1
+1 7
cfn=(394) _IO_setb
calls=1 399 
* 27
+7 1
+2 1
-2 2
+1 3
+2 4

fn=(524) _IO_cleanup
1010 5
cfi=(43)
cfn=(178)
calls=1 55 
* 2
* 2
+3 1
-51 1
+51 1
cfn=(526)
calls=1 822 
* 90
-63 2
+63 1
-63 2
+2 9
+2 2
-1 4
+3 4
+6 16
+8 5
+10 6
cfi=(80)
cfn=(528) _IO_file_setbuf@@GLIBC_2.1
calls=1 461 
* 109
+3 2
+7 3
-40 9
+75 7
-53 1
+5 1
-5 1
+2 1
+1 1
-1 1
+2 1
+1 1
-1 1
+1 2
+6 3
+1 8

fn=(394)
399 10
cfi=(43)
cfn=(178)
calls=2 55 
* 4
* 2
+1 10
+2 4
+1 4
+1 6
+3 2
+1 4
-3 2
+3 4

fn=(398) _IO_default_xsputn
447 1
+4 1
-4 4
+3 1
-3 1
cfi=(43)
cfn=(178)
calls=1 55 
* 2
* 3
+3 4
+5 16
+25 32
cfi=(80)
cfn=(380) _IO_file_overflow@@GLIBC_2.1
calls=3 824 
* 129
* 9
+2 3
-2 3
+3 3
+1 2
+1 6

fn=(424)
239 36860
cfi=(43)
cfn=(178)
calls=7372 55 
* 14744
* 7372
+2 22116
+2 44232
cfi=(80)
cfn=(380)
calls=7372 824 
* 316996
+1 29488

fn=(382) _IO_doallocbuf
414 3
+1 3
+6 3
-4 2
+1 4
cfi=(82) /build/eglibc-617sU_/eglibc-2.19/libio/filedoalloc.c
cfn=(384) _IO_file_doallocate
calls=1 96 
* 141
* 2

fl=(46)
fn=(184)
36 2
cfi=(43)
cfn=(178)
calls=1 +19 
* 2
* 1
+3 1
+1 1
+3 1
+1 1
+1 1
+1 1
+16 1
+1 1
+2 1

fl=(91)
fn=(412)
31 1499
+2 1499
+2 1499
+3 1499
+2 1499
+2 1499
+1 1499
+1 1499
+2 1499
+3 1499
+1 1499
+1 1499
+1 1499
+1 1499
+2 1499
+1 1499
+1 998
+3 499
+1 499
+1 499
+1 499
+1 499
+1 499
+1 499
+1 499
+1 499
-4 1000
+1 1000
+1 1000
+1 1000
+1 1000
+2 1499
+1 1499
+2 1499
+3 1499
+3 1499
+3 1499
+4 1499

fl=(101) /build/eglibc-617sU_/eglibc-2.19/nptl/../nptl/sysdeps/unix/sysv/linux/unregister-atfork.c
fn=(482) __unregister_atfork
28 12
cfi=(43)
cfn=(178)
calls=2 +27 
* 4
* 6
+8 2
+3 4
+82 12

fl=(96) /build/eglibc-617sU_/eglibc-2.19/io/../sysdeps/unix/syscall-template.S
fn=(432) __write_nocancel
81 6000
cob=(1)
cfi=(1)
cfn=(390)
calls=1000 -81 
* 2000
* 4000

fn=(430) write
81 2000
cfn=(432)
calls=1000 * 
* 12000

fl=(100)
fn=(480)
31 10
cfi=(43)
cfn=(178)
calls=2 +24 
* 4
* 6
+4 8
+4 20
-4 10
+32 8
+4 16
-4 6
+12 4
+1 2
+2 10
-2 2
cfi=(101)
cfn=(482)
calls=2 -52 
* 40

fl=(86)
fn=(402)
40 4998
+1 4998
+2 4998
+1 4998
+2 4998
+1 4998
+1 4998
+1 4998
+1 4908
+1 4908
+1 4908
-1 90
+1 90
+1 2989
+1 4998
+2 4998
+2 4998
+3 4998

fl=(80)
fn=(386) _IO_file_stat
1222 1
+1 7
cfi=(83)
cfn=(388)
calls=1 33 
* 17
+1 2

fn=(380)
824 58632
cfi=(43)
cfn=(178)
calls=8376 55 
* 16752
* 16752
+1 25128
+7 50252
+35 16752
+3 14750
+3 29500
+1 22125
+1 29500
+4 14750
+1 50256
-45 3
+12 2
+9 4
+4 1
+4 1
-3 2
+2 2
+1 1
-6 1
+1 1
+4 1
+1 3
+1 2
+4 1001
-1 1001
+1 1001
-1 3003
cfn=(396) _IO_do_write@@GLIBC_2.1
calls=1001 509 
* 109009
* 1001
-31 2
cfi=(81)
cfn=(382)
calls=1 414 
* 158
+1 6

fn=(378)
1281 4000
+7 4000
-7 24000
cfi=(43)
cfn=(178)
calls=4000 55 
* 8000
* 8000
+6 8000
+7 16000
+17 4
+4 14997
+5 23994
cfi=(86)
cfn=(402)
calls=3999 40 
* 62884
* 3999
+5 3999
-5 3999
+6 11997
+2 11997
+27 8000
+1 24000
-45 2
+17 3
+4 5005
cfn=(380)
calls=1001 824 
* 144230
* 2002
+6 1001
+1 1001
-1 1001
+1 5005
+2 3003
+11 2002
+1 5
cfi=(81)
cfn=(398)
calls=1 447 
* 220
* 2
-57 11997
+1 7998
+3 15996
+2 35659
-2 23772
+4 4000

fn=(532)
886 5
cfi=(43)
cfn=(178)
calls=1 55 
* 2
* 1
+5 4
+2 1
+1 2
+17 3
+4 4

fn=(426) new_do_write
521 6000
+2 2000
+15 7000
cfn=(428) _IO_file_write@@GLIBC_2.1
calls=1000 1254 
* 50000
* 1000
+1 3000
+6 1000
-4 1000
+4 1000
-4 3000
+1 2000
+3 1000
-2 1000
-5 1000
+9 5000
-17 1000
+3 1000
-3 3000
+14 2000

fn=(528)
461 3
+1 1
-1 1
cfi=(43)
cfn=(178)
calls=1 55 
* 2
* 2
+1 5
cfi=(81)
cfn=(530)
calls=1 +95 
* 81
* 2
+4 2
-1 2
+2 3
+2 1
+1 4

fn=(396)
509 1001
+2 1001
-2 2002
+2 6002
cfn=(426)
calls=1000 +10 
* 92000
* 4000
+1 3003

fn=(428)
1254 4000
+2 1000
-2 2000
+2 4000
+11 1000
+1 1000
-12 2000
+5 7000
cfi=(96)
cfn=(430)
calls=1000 81 
* 14000
+1 2000
+9 4000
+3 8000

fl=(44)
fn=(180)
45 1
+9 1
-9 4
cfi=(43)
cfn=(178)
calls=1 +10 
* 2
* 2
+9 3
+3 1
-3 1
+3 5
+95 2
+1 9
+7 3
+24 2
+6 1
-1 1
+1 1
+2 1
+1 6
-9 4
+1 4
+1 2
31 5
+7 1
-1 1
+1 1
-7 1
+7 1
-1 1
+1 1
+27 1
-28 1
+28 1
-34 1
+8 1
+26 1
-26 1
+27 1
-35 2
+8 1
+27 1
+5 1
-12 1
+12 1
+3 5
+27 1
-42 1
+42 1

fn=(210) __get_cpu_features
199 8
cfi=(43)
cfn=(178)
calls=4 55 
* 8
* 4
+1 12
+4 12

fl=(58)
fn=(256)
52 5
cfi=(43)
cfn=(178)
calls=1 +3 
* 2
* 5
+6 3
+14 1
-2 1
+1 1
+1 1
+14 4
cfi=(59)
cfn=(258)
calls=1 -56 
* 106
+13 5
-5 1
cfi=(61) /build/eglibc-617sU_/eglibc-2.19/ctype/ctype-info.c
cfn=(262) __ctype_init
calls=1 -65 
* 25
-29 2
-7 1
+7 3

fl=(90)
fn=(410)
33 4000
+2 1000
+2 1000
-4 1000
+2 1000
+2 1000
-4 1000
+4 2000
+1 2000
+3 1000
-3 3000
+4 1000
+14 1000
-14 1000
+14 1000
-15 1000
+1 2000
+14 1000
+4 2
+43 1998
+4 6000
-47 2
+2 2

fl=(62)
fn=(264)
77 3
cfi=(43)
cfn=(178)
calls=1 -22 
* 2
* 1
+1 3
+13 3

fl=(82)
fn=(384)
96 7
cfi=(43)
cfn=(178)
calls=1 -41 
* 2
* 1
+15 9
cfi=(80)
cfn=(386)
calls=1 1222 
* 27
* 2
+2 4
+11 3
+4 7
cfi=(84)
cfn=(392)
calls=1 -99 
* 25
* 2
+1 6
cfi=(81)
cfn=(394)
calls=1 399 
* 25
+1 1
+1 6
-13 2
fi=(105) /build/eglibc-617sU_/eglibc-2.19/libio/../sysdeps/unix/sysv/linux/sys/sysmacros.h
-77 5
fe=(82)
+77 1
-2 2
+8 1
-3 1
+3 2

fl=(61)
fn=(262)
29 1
+2 1
-2 2
cfi=(43)
cfn=(178)
calls=1 +26 
* 2
* 1
+2 7
+2 4
+2 4
+1 3

fl=(68) /build/eglibc-617sU_/eglibc-2.19/csu/libc-start.c
fn=(304) (below main)
133 5
cfi=(43)
cfn=(178)
calls=1 -78 
* 2
* 4
+4 4
+82 1
-82 1
+82 1
+1 4
cfi=(69)
cfn=(306)
calls=1 57 
* 72
+22 4
+3 2
+1 8
cob=(6)
cfi=(67)
cfn=(310) __libc_csu_init
calls=1 0 
* 59
+4 4
+15 2
+9 3
cfi=(70) /build/eglibc-617sU_/eglibc-2.19/setjmp/../sysdeps/i386/bsd-_setjmp.S
cfn=(328) _setjmp
calls=1 33 
* 16
+1 2
+5 2
+1 2
+3 2
+3 8
cob=(6)
cfi=(67)
cfn=(330) main
calls=1 0 
* 3319954
+34 2
cfi=(97) /build/eglibc-617sU_/eglibc-2.19/stdlib/exit.c
cfn=(434) exit
calls=1 103 
* 4601
137 2

fl=(70)
fn=(328)
33 1
+1 1
+3 1
+1 1
+1 1
+1 1
+2 2
+2 1
+1 1
+3 2
+2 1
+1 1
+2 1
+1 1

fl=(45)
fn=(182)
27 2
cfi=(43)
cfn=(178)
calls=1 +28 
* 2
* 1
+4 1
+1 1
+2 1
+1 1
+1 1
+1 1
+1 1
+1 1
+4 1
+3 1

fl=(63)
fn=(266)
550 5
cfi=(43)
cfn=(178)
calls=1 55 
* 2
* 2
+13 3
+7 2
+2 2
+3 1
-3 1
cfn=(268) handle_intel
calls=1 305 
* 1176
+4 1
-4 1
+4 2
cfn=(268)
calls=1 305 
* 1193
+2 1
-2 1
+2 1
+11 2
+18 4
+7 1
-7 1
+7 3
+9 15
-9 12
+6 4
-6 5
+6 2
+49 4
+75 2
+2 3
+3 2
+1 2
-3 1
+3 1
+1 1
+3 2
+2 1
+1 1
-1 1
+3 1
-3 1
+4 2
+1 1
-1 1
+3 6
-93 5
-45 2
+6 6
+26 3
-75 2
-1 1
+1 1
cfn=(268)
calls=1 305 
* 930
* 2

fn=(268)
305 12
+1 3
-1 3
+1 3
+16 3
-3 6
+1 6
-3 3
+11 6
+12 18
cfn=(270) intel_check_word
calls=3 161 
* 1203
+1 6
+3 15
cfn=(270)
calls=3 161 
* 933
+1 6
+3 15
cfn=(270)
calls=3 161 
* 96
+1 6
+3 15
cfn=(270)
calls=3 161 
* 870
+1 6
-31 4
+6 12
+5 3
-5 9
+5 3
+2 3
+1 3
-1 6
+22 1
+4 1
-4 3
+1 2
+4 15

fn=(270)
161 72
cfi=(43)
cfn=(178)
calls=12 55 
* 24
* 12
+1 12
-1 24
+1 12
+6 96
+2 12
-2 12
+2 51
+2 9
+2 18
-2 21
+2 42
+8 60
+53 66
+21 2
fi=(64) /build/eglibc-617sU_/eglibc-2.19/string/../bits/stdlib-bsearch.h
27 30
+1 120
+3 246
-2 126
+2 126
-2 126
+2 228
fe=(63)
150 114
fi=(64)
32 114
fe=(63)
150 228
fi=(64)
31 82
fe=(63)
150 82
fi=(64)
32 82
fe=(63)
150 164
+3 189
fi=(64)
37 63
-8 63
+8 63
-8 63
fe=(63)
295 26
170 78
-6 10
300 60
-25 28
+14 10
+1 2
+5 2
-5 2
170 8
277 4
+2 4
+2 2
+19 12

fl=(65)
fn=(274)
41 2
cfi=(43)
cfn=(178)
calls=1 +14 
* 2
* 1
-8 4
+10 2

fl=(97)
fn=(434)
103 2
cfi=(43)
cfn=(178)
calls=1 -48 
* 2
* 2
+1 6
cfn=(436) __run_exit_handlers
calls=1 -69 
* 4589

fn=(436)
35 5
cfi=(43)
cfn=(178)
calls=1 +20 
* 2
* 6
+5 1
cfi=(98)
cfn=(438)
calls=1 +42 
* 1269
* 1
+6 6
+4 3
-4 3
+4 3
+4 1
-1 1
-1 1
+2 4
+33 1
+1 1
-1 1
+1 1
+6 2
+1 5
cfi=(81)
cfn=(524)
calls=1 1010 
* 305
* 3
+2 2
cfi=(102)
cfn=(534)
calls=1 -73 
* 3
-17 1
+2 2
-2 2
+2 2
cob=(1)
cfi=(99)
cfn=(448)
calls=1 +49 
* 2951
+1 1

ob=(4)
fl=(74) /build/eglibc-617sU_/eglibc-2.19/math/../sysdeps/ieee754/dbl-64/dosincos.c
fn=(350) __dubsin
61 2
cfi=(73) /build/eglibc-617sU_/eglibc-2.19/math/../sysdeps/i386/fpu/e_pow.S
cfn=(344) 0x00007846
calls=2 +10 
* 4
* 10
+9 8
+1 2
+1 4
-1 2
+2 4
+1 10
+2 72
+1 4
+1 4
+1 4
+1 4
+2 92
+1 42
+1 48
-1 6
+1 20
+1 40
+1 50
-1 6
+1 16
+1 48
-1 6
+1 20
+1 47
+3 76
+1 42
+1 48
-1 6
+1 20
+1 40
+1 48
-1 6
+1 20
+1 42
+1 50
-1 6
+1 18
+2 84
+1 60
-3 6
+3 18
+1 58
+1 56
+2 2
-2 4
+3 2
+1 4
-23 12
+13 16
-2 18
-2 16
-4 14
-3 14
+17 2
-1 2
-5 4
-2 6
-2 4
-4 5
-3 6
-2 4

fl=(55)
fn=(216)
25 2
cfi=(50)
cfn=(196)
calls=1 +41 
* 2
* 3
cob=(3)
cfi=(44)
cfn=(210)
calls=1 199 
* 11
* 1
* 6

fl=(73)
fn=(344)
71 1890

fl=(75) /build/eglibc-617sU_/eglibc-2.19/math/../math/w_sqrt.c
fn=(362) sqrt
26 2997
+1 999
-1 999
cfi=(50)
cfn=(196)
calls=999 +40 
* 1998
* 999
+1 1998
+3 1998
cfi=(76) /build/eglibc-617sU_/eglibc-2.19/math/../sysdeps/i386/fpu/e_sqrt.S
cfn=(364) __sqrt_finite
calls=999 -21 
* 11988
+1 2997

fl=(71) /build/eglibc-617sU_/eglibc-2.19/math/../sysdeps/ieee754/dbl-64/s_sin.c
fn=(348) do_sin_slow.isra.4
219 28
+7 14
-7 28
+4 28
-4 14
cfi=(73)
cfn=(344)
calls=14 71 
* 28
* 14
+5 84
+2 42
+1 70
+2 42
+2 84
-1 42
+1 28
-3 56
+3 84
-6 98
+6 42
+1 42
+1 56
+1 28
+1 42
+1 70
+1 14
-1 14
+1 9
+3 9
+2 18
-3 5
+1 5
+2 10

fn=(352) do_cos_slow.isra.2
171 20
+7 10
-7 30
cfi=(73)
cfn=(344)
calls=10 71 
* 20
* 10
+4 20
+3 20
+1 40
+2 30
-4 90
+6 20
-3 30
+3 20
-1 30
+1 30
-7 60
+7 40
+1 30
+1 50
+1 20
+1 30
+1 40
+1 10
-1 10
+1 5
+3 5
+2 10
-3 5
+1 5
+2 10

fn=(342) do_cos.isra.1
154 500
+6 500
-3 1000
-3 500
cfi=(73)
cfn=(344)
calls=500 -83 
* 1000
* 500
+4 3500
+2 500
+1 1500
-2 3500
+2 2500
+1 1000
+1 2000
+1 500
+2 500

fn=(338) sin
284 5000
cfi=(50)
cfn=(196)
calls=1000 66 
* 2000
* 2000
fi=(72) /build/eglibc-617sU_/eglibc-2.19/math/../sysdeps/i386/fpu/fenv_private.h
397 1000
+1 1000
+1 2000
+1 1000
+3 1000
-3 1000
+2 1000
+1 1000
fe=(71)
293 1000
+1 1000
+1 2000
+1 2000
+3 1998
+7 1
fi=(72)
452 2000
fe=(71)
+50 5000
309 1998
+2 6
+1 2
+1 1
+3 1
-3 1
+3 1
+1 1
-3 7
+1 6
+1 4
+1 1
+5 9
+1 2
+1 4
+1 5
+4 1996
+3 8
+1 8
+2 2
-2 2
+2 3
+1 4
+7 5
cfn=(342)
calls=1 154 
* 39
* 5
cfn=(342)
calls=1 154 
* 39
+1 20
+4 1992
+2 3984
+1 1992
+1 996
+2 996
-1 1992
+1 1992
-1 3984
+2 1992
+1 1992
+1 4980
+1 7968
+2 3488
+4 498
+1 498
-1 498
+1 748
+2 250
+1 1000
+2 1494
+3 1580
+1 637
+1 210
-1 37
+1 720
-35 3
+1 5
748 1742
398 1992
+5 249
+2 249
-2 747
+2 249
-1 2241
+1 498
cfn=(342)
calls=249 154 
* 9711
-7 249
+5 249
+2 249
-2 747
+2 249
-1 2241
+1 498
cfn=(342)
calls=249 154 
* 9711
+1 6494
+1 259
+1 518
-2 239
+1 239
+1 3436
940 996
483 500
358 1676
+21 838
+1 419
-1 1675
+8 209
+2 209
-2 627
+2 209
-1 1045
+1 1045
cfn=(346) do_sin.isra.3
calls=209 202 
* 8987
-10 210
+8 210
+2 210
-2 630
+2 210
-1 1050
+1 1050
cfn=(346)
calls=210 202 
* 9030
+1 5438
+1 205
+1 410
-2 214
+1 214
+1 2467
-1 810
+92 404
264 40
935 10
+2 180
cfn=(352)
calls=10 171 
* 750
+2 90
406 478
-6 249
+1 1245
+83 3
835 165
+1 9
+1 3
-1 5
+1 12
+4 12
+11 56
+47 14
+2 252
cfn=(348)
calls=14 219 
* 1148
+2 150
+1 72
390 428
-6 210
-1 210
+2 1050
-11 74
841 21
953 1
839 7
fi=(72)
405 1000
+1 2006
fe=(71)
907 12
cfi=(74)
cfn=(350)
calls=2 61 
* 1414

ob=(6)
fl=(67)
fn=(312)
0 6

fn=(354) procesar
0 17988
cfn=(356) fun
calls=999 0 
0 46763
0 4002

fn=(320) 0x08048700
0 13

fn=(452)
0 6
cfn=(456) 0x08048670
calls=1 0 
0 5
0 3

fn=(332) init
0 15008
cob=(4)
cfi=(71)
cfn=(338)
calls=1000 284 
0 181398
cob=(1)
cfi=(51)
cfn=(204)
calls=1 28 
0 759
0 1004
0 6006

fn=(356)
0 13986
cob=(4)
cfi=(75)
cfn=(362)
calls=999 26 
0 26973
cob=(1)
cfi=(51)
cfn=(204)
calls=1 28 
0 805
0 1003
0 3996

fn=(366) mostrar
0 10005
cob=(3)
cfi=(77)
cfn=(372)
calls=1000 28 
0 3032009
cob=(1)
cfi=(51)
cfn=(204)
calls=1 28 
0 986
0 1004
0 3004

fn=(296)
0 13
cob=(3)
cfi=(68)
cfn=(304)
calls=1 133 
0 3324767
cob=(1)
cfi=(51)
cfn=(204)
calls=1 28 
0 1144
0 5

ob=(4)
fl=(71)
fn=(338)
909 12
+1 2
-1 2
+5 18
+1 12
fi=(72)
453 2000
fe=(71)
839 2
+73 16

fn=(346)
202 419
+6 419
-6 419
+3 838
-3 419
cfi=(73)
cfn=(344)
calls=419 71 
* 838
* 419
+4 3352
+2 419
+1 1676
-2 4190
+2 1676
+1 838
+1 1257
+1 419
+2 419

fl=(50)
fn=(196)
66 4018

fl=(49)
fn=(194)
25 2
cfi=(50)
cfn=(196)
calls=1 +41 
* 2
* 3
cob=(3)
cfi=(44)
cfn=(210)
calls=1 199 
* 11
cob=(1)
cfi=(51)
cfn=(204)
calls=1 +3 
* 1172
* 5
* 6

fl=(66)
fn=(498)
0 4
cfi=(50)
cfn=(196)
calls=1 66 
0 2
0 10
cob=(3)
cfi=(100)
cfn=(480)
calls=1 31 
0 73
cob=(1)
cfi=(51)
cfn=(204)
calls=1 28 
0 1082
0 5
0 1
cfn=(512) 0x00004880
calls=1 0 
0 17
0 5

fn=(512)
0 4
cfi=(50)
cfn=(196)
calls=1 66 
0 2
0 11

fn=(282)
0 4
cfi=(50)
cfn=(196)
calls=1 66 
0 2
0 19
cfi=(50)
cfn=(196)
calls=1 66 
0 2
0 9

fl=(76)
fn=(364)
9 999
+1 999
+2 1998
+1 999
+1 999
+1 999
+1 999
+1 999
+1 999
+1 999
+2 999

fl=(54)
fn=(214)
25 2
cfi=(50)
cfn=(196)
calls=1 +41 
* 2
* 3
cob=(3)
cfi=(44)
cfn=(210)
calls=1 199 
* 11
* 1
* 6

ob=(6)
fl=(67)
fn=(310)
0 6
cfn=(312)
calls=1 0 
0 2
0 5
cob=(2)
cfi=(16)
cfn=(314)
calls=1 0 
0 12
0 12
cfn=(320)
calls=1 0 
0 13
0 9

fn=(456)
0 5

fn=(330)
0 7
cfn=(332)
calls=1 0 
0 204175
0 5
cfn=(354)
calls=1 0 
0 68753
0 3
cfn=(366)
calls=1 0 
0 3047008
0 3

ob=(4)
fl=(53)
fn=(212)
25 2
cfi=(50)
cfn=(196)
calls=1 +41 
* 2
* 3
cob=(3)
cfi=(44)
cfn=(210)
calls=1 199 
* 11
* 1
* 6

totals: 3459678
